| P / RHO |
0.0645815
0.0509649
0.0430898
0.0377009
0.0336837
0.0305074
0.0278927
0.0256791
0.0237665
0.0220886
0.0205994
0.0192655
0.0180619
0.0169696
0.0159733
0.0150610
0.0142228
0.0134508
0.0127380
0.0120787
0.0114679
0.0109015
0.0103754
0.0098867
0.0094324
0.0090098
0.0086167
0.0082508
0.0079104
0.0075937
0.0072991
0.0070251
0.0067704
0.0065338
0.0063141
0.0061102
0.0059212
0.0057459
0.0055838
0.0054337
0.0052952
0.0051673
0.0050495
0.0049410
0.0048414
0.0047500
0.0046664
0.0045899
0.0045203
0.0044569
0.0043996
0.0043478
0.0043013
0.0042598
0.0042229
0.0041904
0.0041621
0.0041379
0.0041174
0.0041006
0.0040874
0.0040774
0.0040710
0.0040679
0.0506352
0.0453428
0.0405181
0.0363339
0.0328602
0.0299615
0.0275047
0.0253886
0.0235402
0.0219070
0.0204500
0.0191402
0.0179552
0.0168772
0.0158925
0.0149898
0.0141594
0.0133940
0.0126867
0.0120321
0.0114255
0.0108626
0.0103398
0.0098538
0.0094020
0.0089816
0.0085905
0.0082264
0.0078877
0.0075725
0.0072793
0.0070066
0.0067531
0.0065176
0.0062990
0.0060960
0.0059078
0.0057334
0.0055720
0.0054228
0.0052850
0.0051577
0.0050405
0.0049326
0.0048335
0.0047426
0.0046594
0.0045834
0.0045142
0.0044512
0.0043942
0.0043428
0.0042966
0.0042553
0.0042187
0.0041864
0.0041584
0.0041342
0.0041139
0.0040972
0.0040840
0.0040742
0.0040678
0.0040647
0.0424381
0.0400936
0.0372185
0.0342259
0.0314490
0.0289680
0.0267727
0.0248282
0.0230977
0.0215483
0.0201530
0.0188899
0.0177409
0.0166916
0.0157299
0.0148459
0.0140312
0.0132788
0.0125827
0.0119376
0.0113392
0.0107836
0.0102672
0.0097869
0.0093400
0.0089241
0.0085371
0.0081768
0.0078414
0.0075293
0.0072390
0.0069689
0.0067179
0.0064846
0.0062680
0.0060670
0.0058806
0.0057080
0.0055483
0.0054005
0.0052641
0.0051381
0.0050221
0.0049154
0.0048174
0.0047276
0.0046453
0.0045701
0.0045017
0.0044396
0.0043833
0.0043326
0.0042869
0.0042462
0.0042100
0.0041782
0.0041506
0.0041267
0.0041068
0.0040903
0.0040773
0.0040677
0.0040614
0.0040583
0.0370022
0.0357979
0.0340006
0.0318838
0.0297331
0.0276840
0.0257872
0.0240526
0.0224730
0.0210349
0.0197235
0.0185250
0.0174268
0.0164181
0.0154894
0.0146325
0.0138405
0.0131072
0.0124275
0.0117965
0.0112103
0.0106652
0.0101583
0.0096864
0.0092470
0.0088379
0.0084570
0.0081021
0.0077719
0.0074644
0.0071783
0.0069122
0.0066648
0.0064349
0.0062214
0.0060235
0.0058398
0.0056697
0.0055123
0.0053669
0.0052326
0.0051086
0.0049945
0.0048896
0.0047931
0.0047049
0.0046241
0.0045503
0.0044831
0.0044221
0.0043669
0.0043170
0.0042724
0.0042325
0.0041971
0.0041660
0.0041389
0.0041156
0.0040960
0.0040799
0.0040672
0.0040578
0.0040517
0.0040486
0.0329862
0.0322786
0.0310876
0.0295657
0.0279099
0.0262445
0.0246373
0.0231206
0.0217058
0.0203939
0.0191806
0.0180594
0.0170231
0.0160645
0.0151769
0.0143543
0.0135910
0.0128821
0.0122233
0.0116105
0.0110401
0.0105089
0.0100143
0.0095533
0.0091238
0.0087236
0.0083506
0.0080031
0.0076795
0.0073781
0.0070977
0.0068368
0.0065942
0.0063688
0.0061595
0.0059654
0.0057855
0.0056188
0.0054646
0.0053221
0.0051906
0.0050693
0.0049577
0.0048551
0.0047609
0.0046746
0.0045957
0.0045237
0.0044582
0.0043987
0.0043450
0.0042965
0.0042530
0.0042142
0.0041798
0.0041496
0.0041234
0.0041007
0.0040817
0.0040662
0.0040539
0.0040447
0.0040388
0.0040359
0.0297932
0.0293318
0.0284985
0.0273764
0.0260926
0.0247442
0.0233956
0.0220856
0.0208351
0.0196539
0.0185453
0.0175087
0.0165414
0.0156397
0.0147994
0.0140165
0.0132870
0.0126070
0.0119731
0.0113819
0.0108306
0.0103162
0.0098365
0.0093888
0.0089712
0.0085818
0.0082186
0.0078801
0.0075647
0.0072709
0.0069975
0.0067430
0.0065064
0.0062866
0.0060825
0.0058932
0.0057178
0.0055554
0.0054052
0.0052664
0.0051384
0.0050204
0.0049118
0.0048122
0.0047207
0.0046370
0.0045605
0.0044908
0.0044273
0.0043698
0.0043178
0.0042710
0.0042291
0.0041916
0.0041585
0.0041293
0.0041040
0.0040823
0.0040641
0.0040491
0.0040373
0.0040285
0.0040228
0.0040200
0.0271294
0.0268051
0.0261952
0.0253454
0.0243375
0.0232425
0.0221144
0.0209903
0.0198944
0.0188409
0.0178377
0.0168885
0.0159939
0.0151531
0.0143644
0.0136253
0.0129333
0.0122858
0.0116800
0.0111136
0.0105840
0.0100890
0.0096264
0.0091943
0.0087906
0.0084138
0.0080621
0.0077342
0.0074283
0.0071435
0.0068782
0.0066313
0.0064018
0.0061885
0.0059906
0.0058071
0.0056370
0.0054796
0.0053342
0.0051999
0.0050761
0.0049620
0.0048572
0.0047610
0.0046728
0.0045921
0.0045185
0.0044515
0.0043905
0.0043353
0.0042855
0.0042406
0.0042005
0.0041647
0.0041331
0.0041053
0.0040812
0.0040605
0.0040431
0.0040289
0.0040176
0.0040094
0.0040039
0.0040013
0.0248333
0.0245930
0.0241302
0.0234708
0.0226681
0.0217730
0.0208282
0.0198663
0.0189107
0.0179772
0.0170760
0.0162134
0.0153924
0.0146144
0.0138795
0.0131869
0.0125352
0.0119227
0.0113478
0.0108084
0.0103029
0.0098293
0.0093858
0.0089711
0.0085831
0.0082206
0.0078820
0.0075659
0.0072711
0.0069963
0.0067404
0.0065024
0.0062809
0.0060752
0.0058844
0.0057075
0.0055436
0.0053921
0.0052521
0.0051230
0.0050040
0.0048945
0.0047939
0.0047018
0.0046174
0.0045402
0.0044699
0.0044060
0.0043479
0.0042954
0.0042481
0.0042056
0.0041675
0.0041337
0.0041038
0.0040776
0.0040549
0.0040354
0.0040191
0.0040056
0.0039952
0.0039873
0.0039822
0.0039797
0.0228070
0.0226221
0.0222608
0.0217383
0.0210900
0.0203525
0.0195587
0.0187357
0.0179045
0.0170808
0.0162756
0.0154963
0.0147477
0.0140326
0.0133524
0.0127076
0.0120976
0.0115220
0.0109797
0.0104692
0.0099896
0.0095392
0.0091169
0.0087210
0.0083503
0.0080034
0.0076793
0.0073764
0.0070938
0.0068304
0.0065849
0.0063566
0.0061442
0.0059471
0.0057643
0.0055947
0.0054380
0.0052930
0.0051592
0.0050359
0.0049224
0.0048181
0.0047223
0.0046347
0.0045546
0.0044816
0.0044150
0.0043545
0.0042998
0.0042504
0.0042059
0.0041660
0.0041304
0.0040988
0.0040708
0.0040464
0.0040253
0.0040072
0.0039920
0.0039796
0.0039698
0.0039626
0.0039579
0.0039556
0.0209869
0.0208407
0.0205523
0.0201308
0.0196005
0.0189878
0.0183178
0.0176128
0.0168906
0.0161658
0.0154491
0.0147484
0.0140694
0.0134159
0.0127899
0.0121931
0.0116258
0.0110881
0.0105795
0.0100995
0.0096471
0.0092214
0.0088212
0.0084456
0.0080934
0.0077637
0.0074550
0.0071667
0.0068974
0.0066463
0.0064125
0.0061947
0.0059925
0.0058047
0.0056306
0.0054694
0.0053204
0.0051828
0.0050558
0.0049390
0.0048316
0.0047330
0.0046427
0.0045601
0.0044848
0.0044163
0.0043539
0.0042975
0.0042464
0.0042004
0.0041591
0.0041222
0.0040892
0.0040601
0.0040344
0.0040120
0.0039926
0.0039760
0.0039622
0.0039509
0.0039420
0.0039354
0.0039312
0.0039290
0.0193288
0.0192109
0.0189766
0.0186315
0.0181929
0.0176800
0.0171120
0.0165066
0.0158791
0.0152424
0.0146063
0.0139788
0.0133656
0.0127712
0.0121983
0.0116490
0.0111243
0.0106250
0.0101509
0.0097020
0.0092779
0.0088778
0.0085010
0.0081469
0.0078143
0.0075025
0.0072106
0.0069377
0.0066828
0.0064451
0.0062236
0.0060176
0.0058262
0.0056486
0.0054842
0.0053319
0.0051914
0.0050618
0.0049423
0.0048326
0.0047319
0.0046397
0.0045553
0.0044784
0.0044084
0.0043448
0.0042870
0.0042350
0.0041880
0.0041457
0.0041079
0.0040743
0.0040444
0.0040179
0.0039947
0.0039745
0.0039570
0.0039422
0.0039299
0.0039198
0.0039118
0.0039060
0.0039022
0.0039003
0.0178011
0.0177043
0.0175113
0.0172255
0.0168593
0.0164269
0.0159432
0.0154224
0.0148769
0.0143180
0.0137548
0.0131946
0.0126432
0.0121049
0.0115831
0.0110802
0.0105975
0.0101364
0.0096971
0.0092797
0.0088845
0.0085108
0.0081582
0.0078264
0.0075144
0.0072216
0.0069473
0.0066908
0.0064510
0.0062275
0.0060193
0.0058257
0.0056461
0.0054794
0.0053253
0.0051829
0.0050514
0.0049304
0.0048193
0.0047172
0.0046238
0.0045384
0.0044606
0.0043897
0.0043255
0.0042672
0.0042147
0.0041673
0.0041248
0.0040867
0.0040528
0.0040226
0.0039959
0.0039725
0.0039520
0.0039341
0.0039190
0.0039060
0.0038952
0.0038864
0.0038796
0.0038745
0.0038712
0.0038697
0.0163798
0.0162995
0.0161387
0.0158997
0.0155916
0.0152250
0.0148115
0.0143624
0.0138881
0.0133981
0.0129002
0.0124015
0.0119074
0.0114220
0.0109490
0.0104909
0.0100494
0.0096258
0.0092211
0.0088355
0.0084694
0.0081226
0.0077950
0.0074860
0.0071952
0.0069222
0.0066662
0.0064268
0.0062032
0.0059946
0.0058005
0.0056201
0.0054528
0.0052980
0.0051548
0.0050227
0.0049011
0.0047893
0.0046870
0.0045932
0.0045076
0.0044296
0.0043587
0.0042945
0.0042365
0.0041841
0.0041370
0.0040949
0.0040572
0.0040235
0.0039938
0.0039675
0.0039443
0.0039241
0.0039065
0.0038914
0.0038785
0.0038676
0.0038586
0.0038512
0.0038455
0.0038414
0.0038386
0.0038373
0.0150464
0.0149792
0.0148443
0.0146430
0.0143821
0.0140699
0.0137154
0.0133275
0.0129149
0.0124856
0.0120465
0.0116038
0.0111625
0.0107268
0.0103001
0.0098849
0.0094832
0.0090965
0.0087258
0.0083719
0.0080351
0.0077153
0.0074129
0.0071273
0.0068583
0.0066057
0.0063688
0.0061471
0.0059402
0.0057473
0.0055679
0.0054014
0.0052471
0.0051046
0.0049731
0.0048521
0.0047409
0.0046390
0.0045459
0.0044610
0.0043838
0.0043137
0.0042504
0.0041931
0.0041418
0.0040957
0.0040545
0.0040178
0.0039853
0.0039566
0.0039312
0.0039091
0.0038898
0.0038731
0.0038587
0.0038464
0.0038359
0.0038272
0.0038201
0.0038144
0.0038099
0.0038067
0.0038046
0.0038035
0.0137868
0.0137302
0.0136161
0.0134456
0.0132239
0.0129571
0.0126524
0.0123171
0.0119584
0.0115828
0.0111965
0.0108047
0.0104121
0.0100227
0.0096396
0.0092653
0.0089020
0.0085512
0.0082139
0.0078912
0.0075834
0.0072909
0.0070138
0.0067519
0.0065052
0.0062733
0.0060560
0.0058527
0.0056630
0.0054864
0.0053223
0.0051703
0.0050298
0.0049002
0.0047809
0.0046716
0.0045714
0.0044799
0.0043967
0.0043211
0.0042527
0.0041911
0.0041357
0.0040860
0.0040418
0.0040024
0.0039675
0.0039367
0.0039097
0.0038861
0.0038657
0.0038480
0.0038327
0.0038198
0.0038088
0.0037995
0.0037918
0.0037855
0.0037803
0.0037762
0.0037732
0.0037709
0.0037694
0.0037687
0.0125891
0.0125412
0.0124445
0.0122995
0.0121104
0.0118820
0.0116200
0.0113303
0.0110186
0.0106907
0.0103517
0.0100062
0.0096585
0.0093122
0.0089701
0.0086348
0.0083083
0.0079921
0.0076875
0.0073954
0.0071165
0.0068510
0.0065993
0.0063615
0.0061372
0.0059266
0.0057291
0.0055447
0.0053727
0.0052129
0.0050648
0.0049278
0.0048015
0.0046855
0.0045790
0.0044817
0.0043931
0.0043126
0.0042398
0.0041741
0.0041151
0.0040623
0.0040153
0.0039737
0.0039368
0.0039045
0.0038763
0.0038518
0.0038307
0.0038126
0.0037973
0.0037843
0.0037734
0.0037644
0.0037571
0.0037510
0.0037463
0.0037424
0.0037394
0.0037371
0.0037355
0.0037343
0.0037336
0.0037333
0.0114438
0.0114031
0.0113209
0.0111976
0.0110362
0.0108406
0.0106153
0.0103653
0.0100951
0.0098096
0.0095133
0.0092100
0.0089036
0.0085973
0.0082939
0.0079955
0.0077041
0.0074215
0.0071486
0.0068866
0.0066361
0.0063974
0.0061711
0.0059572
0.0057556
0.0055664
0.0053893
0.0052241
0.0050703
0.0049278
0.0047960
0.0046746
0.0045630
0.0044610
0.0043679
0.0042833
0.0042067
0.0041377
0.0040757
0.0040204
0.0039712
0.0039277
0.0038896
0.0038563
0.0038274
0.0038026
0.0037814
0.0037635
0.0037487
0.0037364
0.0037265
0.0037185
0.0037123
0.0037074
0.0037039
0.0037014
0.0036996
0.0036985
0.0036978
0.0036975
0.0036973
0.0036973
0.0036973
0.0036973
0.0103430
0.0103085
0.0102387
0.0101337
0.0099961
0.0098288
0.0096356
0.0094203
0.0091869
0.0089395
0.0086816
0.0084169
0.0081487
0.0078796
0.0076124
0.0073490
0.0070914
0.0068409
0.0065989
0.0063662
0.0061436
0.0059316
0.0057305
0.0055406
0.0053618
0.0051943
0.0050376
0.0048920
0.0047568
0.0046319
0.0045169
0.0044115
0.0043152
0.0042276
0.0041482
0.0040768
0.0040127
0.0039556
0.0039050
0.0038605
0.0038216
0.0037878
0.0037590
0.0037345
0.0037138
0.0036969
0.0036832
0.0036724
0.0036641
0.0036579
0.0036537
0.0036510
0.0036496
0.0036493
0.0036499
0.0036509
0.0036524
0.0036542
0.0036559
0.0036576
0.0036591
0.0036603
0.0036610
0.0036615
0.0092800
0.0092508
0.0091916
0.0091025
0.0089854
0.0088429
0.0086778
0.0084933
0.0082929
0.0080795
0.0078568
0.0076275
0.0073944
0.0071601
0.0069270
0.0066968
0.0064714
0.0062519
0.0060397
0.0058358
0.0056405
0.0054548
0.0052788
0.0051127
0.0049568
0.0048109
0.0046751
0.0045492
0.0044330
0.0043260
0.0042283
0.0041393
0.0040585
0.0039859
0.0039209
0.0038630
0.0038119
0.0037671
0.0037283
0.0036949
0.0036667
0.0036432
0.0036240
0.0036086
0.0035968
0.0035881
0.0035822
0.0035786
0.0035772
0.0035775
0.0035793
0.0035821
0.0035860
0.0035904
0.0035952
0.0036002
0.0036051
0.0036098
0.0036140
0.0036179
0.0036211
0.0036235
0.0036252
0.0036260
0.0082490
0.0082243
0.0081745
0.0080993
0.0080003
0.0078794
0.0077393
0.0075824
0.0074115
0.0072292
0.0070384
0.0068416
0.0066413
0.0064397
0.0062386
0.0060399
0.0058452
0.0056557
0.0054725
0.0052964
0.0051280
0.0049682
0.0048170
0.0046748
0.0045416
0.0044177
0.0043028
0.0041969
0.0040998
0.0040112
0.0039308
0.0038585
0.0037940
0.0037366
0.0036861
0.0036423
0.0036046
0.0035726
0.0035460
0.0035243
0.0035072
0.0034943
0.0034851
0.0034793
0.0034766
0.0034765
0.0034787
0.0034828
0.0034886
0.0034957
0.0035037
0.0035124
0.0035216
0.0035310
0.0035403
0.0035493
0.0035578
0.0035657
0.0035727
0.0035789
0.0035839
0.0035876
0.0035902
0.0035914
0.0072450
0.0072243
0.0071827
0.0071197
0.0070367
0.0069354
0.0068176
0.0066855
0.0065413
0.0063874
0.0062260
0.0060594
0.0058895
0.0057184
0.0055477
0.0053792
0.0052139
0.0050532
0.0048981
0.0047492
0.0046073
0.0044728
0.0043462
0.0042277
0.0041173
0.0040152
0.0039214
0.0038356
0.0037579
0.0036880
0.0036255
0.0035703
0.0035220
0.0034804
0.0034450
0.0034155
0.0033915
0.0033727
0.0033587
0.0033492
0.0033435
0.0033415
0.0033428
0.0033470
0.0033537
0.0033626
0.0033732
0.0033854
0.0033987
0.0034128
0.0034274
0.0034423
0.0034571
0.0034717
0.0034858
0.0034990
0.0035114
0.0035225
0.0035324
0.0035408
0.0035478
0.0035529
0.0035565
0.0035582
0.0062636
0.0062466
0.0062123
0.0061603
0.0060916
0.0060077
0.0059101
0.0058006
0.0056809
0.0055530
0.0054188
0.0052802
0.0051390
0.0049967
0.0048548
0.0047149
0.0045780
0.0044452
0.0043172
0.0041949
0.0040790
0.0039696
0.0038673
0.0037723
0.0036847
0.0036045
0.0035318
0.0034665
0.0034083
0.0033572
0.0033128
0.0032750
0.0032434
0.0032178
0.0031978
0.0031831
0.0031733
0.0031681
0.0031671
0.0031699
0.0031761
0.0031855
0.0031976
0.0032122
0.0032287
0.0032468
0.0032663
0.0032868
0.0033079
0.0033294
0.0033509
0.0033723
0.0033930
0.0034130
0.0034319
0.0034497
0.0034660
0.0034806
0.0034936
0.0035044
0.0035133
0.0035200
0.0035245
0.0035267
0.0053008
0.0052871
0.0052594
0.0052174
0.0051619
0.0050939
0.0050147
0.0049258
0.0048286
0.0047248
0.0046160
0.0045038
0.0043894
0.0042745
0.0041601
0.0040477
0.0039380
0.0038321
0.0037307
0.0036345
0.0035439
0.0034594
0.0033812
0.0033096
0.0032447
0.0031865
0.0031350
0.0030901
0.0030517
0.0030196
0.0029936
0.0029735
0.0029590
0.0029497
0.0029455
0.0029458
0.0029505
0.0029593
0.0029716
0.0029872
0.0030057
0.0030268
0.0030501
0.0030753
0.0031019
0.0031298
0.0031584
0.0031875
0.0032169
0.0032460
0.0032747
0.0033026
0.0033295
0.0033552
0.0033794
0.0034019
0.0034223
0.0034406
0.0034565
0.0034701
0.0034811
0.0034893
0.0034948
0.0034975
0.0043534
0.0043427
0.0043211
0.0042881
0.0042445
0.0041911
0.0041289
0.0040592
0.0039830
0.0039018
0.0038168
0.0037293
0.0036404
0.0035516
0.0034635
0.0033776
0.0032943
0.0032146
0.0031391
0.0030683
0.0030028
0.0029428
0.0028886
0.0028402
0.0027979
0.0027617
0.0027314
0.0027072
0.0026887
0.0026760
0.0026686
0.0026664
0.0026692
0.0026766
0.0026883
0.0027042
0.0027238
0.0027468
0.0027729
0.0028016
0.0028327
0.0028659
0.0029008
0.0029369
0.0029741
0.0030119
0.0030500
0.0030882
0.0031259
0.0031629
0.0031991
0.0032341
0.0032674
0.0032990
0.0033286
0.0033558
0.0033807
0.0034028
0.0034220
0.0034383
0.0034515
0.0034614
0.0034680
0.0034712
0.0034179
0.0034100
0.0033940
0.0033694
0.0033370
0.0032971
0.0032508
0.0031990
0.0031425
0.0030825
0.0030200
0.0029561
0.0028917
0.0028276
0.0027650
0.0027046
0.0026470
0.0025928
0.0025427
0.0024970
0.0024562
0.0024204
0.0023899
0.0023647
0.0023451
0.0023308
0.0023220
0.0023185
0.0023201
0.0023268
0.0023383
0.0023543
0.0023747
0.0023991
0.0024272
0.0024589
0.0024937
0.0025313
0.0025714
0.0026136
0.0026577
0.0027033
0.0027500
0.0027976
0.0028455
0.0028937
0.0029416
0.0029890
0.0030355
0.0030809
0.0031248
0.0031670
0.0032071
0.0032448
0.0032800
0.0033124
0.0033418
0.0033679
0.0033906
0.0034097
0.0034251
0.0034367
0.0034445
0.0034483
0.0024914
0.0024861
0.0024753
0.0024588
0.0024366
0.0024096
0.0023782
0.0023433
0.0023056
0.0022658
0.0022248
0.0021833
0.0021423
0.0021024
0.0020644
0.0020289
0.0019962
0.0019671
0.0019419
0.0019210
0.0019045
0.0018927
0.0018858
0.0018838
0.0018867
0.0018945
0.0019072
0.0019246
0.0019465
0.0019729
0.0020034
0.0020380
0.0020762
0.0021178
0.0021627
0.0022104
0.0022607
0.0023132
0.0023677
0.0024238
0.0024812
0.0025396
0.0025985
0.0026577
0.0027169
0.0027757
0.0028338
0.0028908
0.0029464
0.0030004
0.0030523
0.0031020
0.0031491
0.0031932
0.0032343
0.0032720
0.0033061
0.0033363
0.0033627
0.0033847
0.0034026
0.0034160
0.0034249
0.0034293
0.0015712
0.0015684
0.0015627
0.0015535
0.0015413
0.0015264
0.0015093
0.0014905
0.0014706
0.0014501
0.0014298
0.0014101
0.0013919
0.0013753
0.0013612
0.0013500
0.0013419
0.0013374
0.0013368
0.0013403
0.0013481
0.0013602
0.0013768
0.0013979
0.0014235
0.0014534
0.0014877
0.0015261
0.0015686
0.0016148
0.0016646
0.0017178
0.0017742
0.0018334
0.0018952
0.0019594
0.0020254
0.0020932
0.0021625
0.0022327
0.0023037
0.0023752
0.0024466
0.0025180
0.0025886
0.0026584
0.0027269
0.0027939
0.0028590
0.0029219
0.0029822
0.0030395
0.0030939
0.0031448
0.0031919
0.0032352
0.0032742
0.0033088
0.0033388
0.0033641
0.0033845
0.0033997
0.0034099
0.0034149
0.0006548
0.0006543
0.0006533
0.0006513
0.0006486
0.0006454
0.0006420
0.0006387
0.0006361
0.0006344
0.0006341
0.0006357
0.0006395
0.0006460
0.0006553
0.0006679
0.0006840
0.0007039
0.0007276
0.0007553
0.0007872
0.0008231
0.0008633
0.0009075
0.0009558
0.0010080
0.0010640
0.0011236
0.0011867
0.0012530
0.0013224
0.0013946
0.0014694
0.0015464
0.0016255
0.0017063
0.0017884
0.0018718
0.0019561
0.0020408
0.0021258
0.0022106
0.0022951
0.0023787
0.0024613
0.0025424
0.0026217
0.0026989
0.0027738
0.0028458
0.0029147
0.0029803
0.0030421
0.0031000
0.0031535
0.0032025
0.0032467
0.0032859
0.0033198
0.0033484
0.0033713
0.0033885
0.0034000
0.0034056
-0.0002605
-0.0002587
-0.0002550
-0.0002500
-0.0002435
-0.0002354
-0.0002255
-0.0002136
-0.0001994
-0.0001828
-0.0001633
-0.0001409
-0.0001154
-0.0000864
-0.0000540
-0.0000176
0.0000224
0.0000664
0.0001143
0.0001663
0.0002221
0.0002820
0.0003457
0.0004132
0.0004842
0.0005588
0.0006366
0.0007177
0.0008016
0.0008883
0.0009774
0.0010688
0.0011622
0.0012573
0.0013539
0.0014517
0.0015503
0.0016497
0.0017492
0.0018488
0.0019480
0.0020466
0.0021442
0.0022406
0.0023354
0.0024281
0.0025186
0.0026064
0.0026913
0.0027729
0.0028508
0.0029248
0.0029944
0.0030595
0.0031197
0.0031747
0.0032243
0.0032682
0.0033063
0.0033382
0.0033638
0.0033832
0.0033960
0.0034024
-0.0011770
-0.0011730
-0.0011647
-0.0011528
-0.0011372
-0.0011180
-0.0010950
-0.0010682
-0.0010374
-0.0010027
-0.0009638
-0.0009209
-0.0008737
-0.0008224
-0.0007668
-0.0007071
-0.0006431
-0.0005751
-0.0005029
-0.0004267
-0.0003467
-0.0002630
-0.0001756
-0.0000849
0.0000091
0.0001062
0.0002062
0.0003088
0.0004138
0.0005209
0.0006301
0.0007410
0.0008533
0.0009668
0.0010812
0.0011962
0.0013116
0.0014271
0.0015423
0.0016570
0.0017709
0.0018836
0.0019947
0.0021041
0.0022114
0.0023161
0.0024181
0.0025169
0.0026122
0.0027036
0.0027908
0.0028734
0.0029513
0.0030239
0.0030910
0.0031523
0.0032075
0.0032564
0.0032987
0.0033342
0.0033628
0.0033843
0.0033985
0.0034056
-0.0020970
-0.0020908
-0.0020779
-0.0020592
-0.0020347
-0.0020044
-0.0019684
-0.0019267
-0.0018794
-0.0018267
-0.0017684
-0.0017050
-0.0016363
-0.0015626
-0.0014840
-0.0014008
-0.0013128
-0.0012205
-0.0011241
-0.0010237
-0.0009194
-0.0008116
-0.0007004
-0.0005863
-0.0004690
-0.0003493
-0.0002270
-0.0001026
0.0000237
0.0001517
0.0002811
0.0004117
0.0005432
0.0006753
0.0008079
0.0009404
0.0010729
0.0012048
0.0013360
0.0014661
0.0015948
0.0017219
0.0018470
0.0019698
0.0020899
0.0022070
0.0023207
0.0024309
0.0025369
0.0026385
0.0027353
0.0028271
0.0029133
0.0029938
0.0030681
0.0031360
0.0031971
0.0032512
0.0032979
0.0033373
0.0033689
0.0033926
0.0034084
0.0034161
-0.0030230
-0.0030145
-0.0029971
-0.0029715
-0.0029380
-0.0028965
-0.0028474
-0.0027908
-0.0027269
-0.0026560
-0.0025784
-0.0024942
-0.0024039
-0.0023077
-0.0022060
-0.0020989
-0.0019869
-0.0018703
-0.0017494
-0.0016244
-0.0014957
-0.0013636
-0.0012285
-0.0010904
-0.0009499
-0.0008071
-0.0006624
-0.0005159
-0.0003680
-0.0002190
-0.0000690
0.0000815
0.0002325
0.0003835
0.0005343
0.0006848
0.0008346
0.0009833
0.0011307
0.0012765
0.0014205
0.0015623
0.0017016
0.0018381
0.0019714
0.0021012
0.0022271
0.0023489
0.0024660
0.0025781
0.0026850
0.0027861
0.0028812
0.0029699
0.0030517
0.0031264
0.0031937
0.0032532
0.0033047
0.0033480
0.0033828
0.0034089
0.0034263
0.0034348
-0.0039573
-0.0039464
-0.0039244
-0.0038918
-0.0038490
-0.0037964
-0.0037339
-0.0036621
-0.0035815
-0.0034921
-0.0033947
-0.0032897
-0.0031774
-0.0030584
-0.0029331
-0.0028021
-0.0026657
-0.0025244
-0.0023786
-0.0022288
-0.0020754
-0.0019188
-0.0017592
-0.0015972
-0.0014330
-0.0012670
-0.0010994
-0.0009306
-0.0007609
-0.0005906
-0.0004198
-0.0002490
-0.0000784
0.0000918
0.0002614
0.0004299
0.0005972
0.0007630
0.0009270
0.0010888
0.0012483
0.0014052
0.0015590
0.0017095
0.0018564
0.0019993
0.0021377
0.0022715
0.0024000
0.0025231
0.0026403
0.0027513
0.0028555
0.0029527
0.0030424
0.0031243
0.0031980
0.0032633
0.0033197
0.0033671
0.0034053
0.0034339
0.0034530
0.0034624
-0.0049022
-0.0048889
-0.0048621
-0.0048224
-0.0047702
-0.0047058
-0.0046298
-0.0045425
-0.0044445
-0.0043364
-0.0042188
-0.0040923
-0.0039577
-0.0038154
-0.0036661
-0.0035107
-0.0033494
-0.0031830
-0.0030119
-0.0028369
-0.0026584
-0.0024768
-0.0022925
-0.0021061
-0.0019179
-0.0017283
-0.0015377
-0.0013462
-0.0011544
-0.0009625
-0.0007707
-0.0005794
-0.0003888
-0.0001991
-0.0000107
0.0001762
0.0003613
0.0005444
0.0007253
0.0009035
0.0010788
0.0012511
0.0014198
0.0015847
0.0017454
0.0019016
0.0020530
0.0021992
0.0023396
0.0024740
0.0026019
0.0027231
0.0028368
0.0029429
0.0030408
0.0031304
0.0032109
0.0032821
0.0033439
0.0033956
0.0034373
0.0034686
0.0034895
0.0034996
-0.0058601
-0.0058444
-0.0058126
-0.0057654
-0.0057035
-0.0056271
-0.0055369
-0.0054335
-0.0053177
-0.0051902
-0.0050518
-0.0049033
-0.0047455
-0.0045793
-0.0044056
-0.0042249
-0.0040381
-0.0038461
-0.0036493
-0.0034485
-0.0032444
-0.0030374
-0.0028280
-0.0026169
-0.0024043
-0.0021908
-0.0019766
-0.0017623
-0.0015481
-0.0013343
-0.0011212
-0.0009091
-0.0006982
-0.0004889
-0.0002813
-0.0000758
0.0001275
0.0003282
0.0005262
0.0007211
0.0009126
0.0011004
0.0012843
0.0014639
0.0016390
0.0018089
0.0019736
0.0021325
0.0022852
0.0024314
0.0025705
0.0027021
0.0028260
0.0029413
0.0030479
0.0031452
0.0032329
0.0033105
0.0033778
0.0034342
0.0034796
0.0035138
0.0035365
0.0035476
-0.0068337
-0.0068154
-0.0067783
-0.0067234
-0.0066511
-0.0065622
-0.0064572
-0.0063370
-0.0062026
-0.0060549
-0.0058948
-0.0057234
-0.0055419
-0.0053509
-0.0051517
-0.0049452
-0.0047323
-0.0045139
-0.0042907
-0.0040636
-0.0038333
-0.0036003
-0.0033654
-0.0031290
-0.0028916
-0.0026538
-0.0024159
-0.0021784
-0.0019414
-0.0017054
-0.0014707
-0.0012375
-0.0010062
-0.0007769
-0.0005498
-0.0003254
-0.0001038
0.0001149
0.0003301
0.0005419
0.0007499
0.0009537
0.0011531
0.0013479
0.0015374
0.0017215
0.0018999
0.0020720
0.0022374
0.0023957
0.0025464
0.0026891
0.0028234
0.0029485
0.0030642
0.0031699
0.0032650
0.0033494
0.0034225
0.0034838
0.0035332
0.0035704
0.0035951
0.0036072
-0.0078255
-0.0078045
-0.0077619
-0.0076986
-0.0076156
-0.0075132
-0.0073927
-0.0072548
-0.0071009
-0.0069319
-0.0067492
-0.0065539
-0.0063474
-0.0061308
-0.0059052
-0.0056719
-0.0054320
-0.0051864
-0.0049361
-0.0046819
-0.0044248
-0.0041653
-0.0039043
-0.0036421
-0.0033796
-0.0031170
-0.0028549
-0.0025937
-0.0023337
-0.0020752
-0.0018186
-0.0015642
-0.0013121
-0.0010626
-0.0008159
-0.0005723
-0.0003320
-0.0000953
0.0001376
0.0003667
0.0005913
0.0008115
0.0010267
0.0012368
0.0014413
0.0016400
0.0018324
0.0020181
0.0021967
0.0023676
0.0025305
0.0026847
0.0028298
0.0029652
0.0030904
0.0032049
0.0033080
0.0033996
0.0034788
0.0035455
0.0035990
0.0036394
0.0036663
0.0036794
-0.0088386
-0.0088146
-0.0087659
-0.0086938
-0.0085991
-0.0084826
-0.0083454
-0.0081889
-0.0080142
-0.0078228
-0.0076162
-0.0073957
-0.0071631
-0.0069195
-0.0066665
-0.0064055
-0.0061374
-0.0058637
-0.0055853
-0.0053033
-0.0050185
-0.0047319
-0.0044441
-0.0041557
-0.0038674
-0.0035797
-0.0032931
-0.0030078
-0.0027244
-0.0024433
-0.0021645
-0.0018884
-0.0016153
-0.0013454
-0.0010788
-0.0008159
-0.0005568
-0.0003017
-0.0000508
0.0001956
0.0004373
0.0006740
0.0009054
0.0011312
0.0013512
0.0015648
0.0017716
0.0019714
0.0021636
0.0023477
0.0025231
0.0026893
0.0028459
0.0029921
0.0031274
0.0032511
0.0033628
0.0034618
0.0035478
0.0036199
0.0036781
0.0037220
0.0037511
0.0037654
-0.0098756
-0.0098486
-0.0097934
-0.0097117
-0.0096044
-0.0094726
-0.0093177
-0.0091409
-0.0089442
-0.0087288
-0.0084968
-0.0082498
-0.0079896
-0.0077178
-0.0074360
-0.0071458
-0.0068485
-0.0065456
-0.0062382
-0.0059275
-0.0056143
-0.0052997
-0.0049844
-0.0046693
-0.0043546
-0.0040414
-0.0037297
-0.0034202
-0.0031131
-0.0028089
-0.0025077
-0.0022098
-0.0019154
-0.0016248
-0.0013382
-0.0010557
-0.0007775
-0.0005037
-0.0002348
0.0000293
0.0002882
0.0005418
0.0007897
0.0010317
0.0012673
0.0014962
0.0017180
0.0019324
0.0021386
0.0023363
0.0025249
0.0027038
0.0028723
0.0030299
0.0031758
0.0033094
0.0034302
0.0035374
0.0036303
0.0037086
0.0037717
0.0038192
0.0038508
0.0038664
-0.0109402
-0.0109096
-0.0108473
-0.0107552
-0.0106343
-0.0104859
-0.0103117
-0.0101132
-0.0098925
-0.0096517
-0.0093925
-0.0091172
-0.0088277
-0.0085260
-0.0082140
-0.0078932
-0.0075654
-0.0072320
-0.0068945
-0.0065540
-0.0062115
-0.0058682
-0.0055248
-0.0051822
-0.0048407
-0.0045013
-0.0041642
-0.0038300
-0.0034990
-0.0031713
-0.0028475
-0.0025275
-0.0022118
-0.0019004
-0.0015934
-0.0012912
-0.0009938
-0.0007013
-0.0004139
-0.0001319
0.0001446
0.0004153
0.0006800
0.0009383
0.0011900
0.0014347
0.0016719
0.0019013
0.0021221
0.0023341
0.0025363
0.0027285
0.0029098
0.0030793
0.0032366
0.0033807
0.0035111
0.0036270
0.0037276
0.0038124
0.0038808
0.0039323
0.0039667
0.0039835
-0.0120356
-0.0120012
-0.0119311
-0.0118275
-0.0116917
-0.0115251
-0.0113298
-0.0111077
-0.0108612
-0.0105927
-0.0103044
-0.0099987
-0.0096781
-0.0093447
-0.0090005
-0.0086477
-0.0082878
-0.0079227
-0.0075538
-0.0071824
-0.0068097
-0.0064368
-0.0060645
-0.0056937
-0.0053250
-0.0049589
-0.0045960
-0.0042367
-0.0038813
-0.0035302
-0.0031834
-0.0028412
-0.0025039
-0.0021714
-0.0018441
-0.0015218
-0.0012050
-0.0008935
-0.0005877
-0.0002875
0.0000067
0.0002948
0.0005766
0.0008517
0.0011198
0.0013807
0.0016337
0.0018785
0.0021147
0.0023414
0.0025581
0.0027641
0.0029587
0.0031411
0.0033104
0.0034659
0.0036067
0.0037318
0.0038407
0.0039325
0.0040067
0.0040626
0.0040999
0.0041182
-0.0131660
-0.0131273
-0.0130485
-0.0129321
-0.0127797
-0.0125931
-0.0123746
-0.0121267
-0.0118520
-0.0115534
-0.0112336
-0.0108953
-0.0105413
-0.0101740
-0.0097960
-0.0094090
-0.0090155
-0.0086171
-0.0082155
-0.0078121
-0.0074081
-0.0070047
-0.0066027
-0.0062031
-0.0058065
-0.0054134
-0.0050243
-0.0046396
-0.0042596
-0.0038845
-0.0035147
-0.0031501
-0.0027909
-0.0024374
-0.0020894
-0.0017472
-0.0014108
-0.0010802
-0.0007557
-0.0004373
-0.0001251
0.0001806
0.0004798
0.0007720
0.0010570
0.0013343
0.0016038
0.0018646
0.0021165
0.0023587
0.0025905
0.0028112
0.0030199
0.0032159
0.0033982
0.0035657
0.0037177
0.0038530
0.0039709
0.0040705
0.0041509
0.0042117
0.0042521
0.0042720
-0.0143357
-0.0142920
-0.0142035
-0.0140729
-0.0139020
-0.0136931
-0.0134489
-0.0131724
-0.0128669
-0.0125355
-0.0121813
-0.0118078
-0.0114178
-0.0110144
-0.0106000
-0.0101771
-0.0097482
-0.0093149
-0.0088792
-0.0084424
-0.0080061
-0.0075712
-0.0071388
-0.0067097
-0.0062845
-0.0058638
-0.0054482
-0.0050377
-0.0046329
-0.0042338
-0.0038406
-0.0034535
-0.0030726
-0.0026978
-0.0023292
-0.0019668
-0.0016108
-0.0012610
-0.0009177
-0.0005808
-0.0002504
0.0000731
0.0003899
0.0006995
0.0010017
0.0012960
0.0015822
0.0018598
0.0021280
0.0023863
0.0026340
0.0028702
0.0030940
0.0033044
0.0035005
0.0036811
0.0038452
0.0039916
0.0041193
0.0042274
0.0043148
0.0043809
0.0044249
0.0044466
-0.0155494
-0.0155003
-0.0154007
-0.0152540
-0.0150622
-0.0148284
-0.0145556
-0.0142473
-0.0139077
-0.0135402
-0.0131486
-0.0127367
-0.0123080
-0.0118655
-0.0114125
-0.0109516
-0.0104851
-0.0100151
-0.0095437
-0.0090724
-0.0086024
-0.0081352
-0.0076715
-0.0072123
-0.0067580
-0.0063093
-0.0058667
-0.0054303
-0.0050004
-0.0045771
-0.0041606
-0.0037509
-0.0033480
-0.0029520
-0.0025627
-0.0021801
-0.0018044
-0.0014355
-0.0010731
-0.0007177
-0.0003691
-0.0000275
0.0003071
0.0006344
0.0009541
0.0012659
0.0015695
0.0018642
0.0021495
0.0024246
0.0026890
0.0029415
0.0031814
0.0034073
0.0036183
0.0038131
0.0039904
0.0041489
0.0042875
0.0044049
0.0045000
0.0045720
0.0046200
0.0046437
-0.0168128
-0.0167574
-0.0166452
-0.0164801
-0.0162647
-0.0160025
-0.0156975
-0.0153540
-0.0149762
-0.0145689
-0.0141362
-0.0136825
-0.0132117
-0.0127275
-0.0122331
-0.0117316
-0.0112254
-0.0107169
-0.0102082
-0.0097009
-0.0091963
-0.0086956
-0.0081999
-0.0077097
-0.0072260
-0.0067489
-0.0062790
-0.0058164
-0.0053613
-0.0049137
-0.0044738
-0.0040414
-0.0036166
-0.0031993
-0.0027894
-0.0023867
-0.0019913
-0.0016031
-0.0012219
-0.0008478
-0.0004808
-0.0001209
0.0002317
0.0005769
0.0009146
0.0012441
0.0015655
0.0018779
0.0021810
0.0024738
0.0027557
0.0030256
0.0032826
0.0035252
0.0037523
0.0039625
0.0041543
0.0043263
0.0044769
0.0046047
0.0047085
0.0047871
0.0048396
0.0048655
-0.0181321
-0.0180695
-0.0179428
-0.0177565
-0.0175141
-0.0172196
-0.0168782
-0.0164947
-0.0160745
-0.0156229
-0.0151449
-0.0146455
-0.0141290
-0.0135996
-0.0130608
-0.0125161
-0.0119680
-0.0114192
-0.0108715
-0.0103267
-0.0097861
-0.0092512
-0.0087226
-0.0082011
-0.0076873
-0.0071815
-0.0066840
-0.0061950
-0.0057146
-0.0052427
-0.0047793
-0.0043244
-0.0038778
-0.0034393
-0.0030088
-0.0025861
-0.0021711
-0.0017636
-0.0013636
-0.0009709
-0.0005854
-0.0002072
0.0001636
0.0005271
0.0008828
0.0012307
0.0015703
0.0019012
0.0022227
0.0025340
0.0028344
0.0031228
0.0033979
0.0036585
0.0039032
0.0041302
0.0043381
0.0045249
0.0046889
0.0048285
0.0049421
0.0050283
0.0050858
0.0051143
-0.0195147
-0.0194437
-0.0192999
-0.0190891
-0.0188154
-0.0184841
-0.0181010
-0.0176723
-0.0172043
-0.0167033
-0.0161752
-0.0156255
-0.0150593
-0.0144810
-0.0138947
-0.0133040
-0.0127116
-0.0121202
-0.0115318
-0.0109481
-0.0103707
-0.0098004
-0.0092381
-0.0086847
-0.0081405
-0.0076057
-0.0070805
-0.0065651
-0.0060593
-0.0055632
-0.0050765
-0.0045991
-0.0041308
-0.0036713
-0.0032203
-0.0027778
-0.0023434
-0.0019168
-0.0014980
-0.0010866
-0.0006828
-0.0002862
0.0001030
0.0004847
0.0008590
0.0012255
0.0015839
0.0019337
0.0022744
0.0026052
0.0029251
0.0032330
0.0035278
0.0038079
0.0040717
0.0043173
0.0045429
0.0047463
0.0049254
0.0050783
0.0052030
0.0052978
0.0053614
0.0053927
-0.0209691
-0.0208880
-0.0207242
-0.0204846
-0.0201744
-0.0198003
-0.0193693
-0.0188892
-0.0183672
-0.0178109
-0.0172271
-0.0166221
-0.0160016
-0.0153706
-0.0147332
-0.0140935
-0.0134542
-0.0128182
-0.0121874
-0.0115634
-0.0109478
-0.0103415
-0.0097450
-0.0091592
-0.0085842
-0.0080202
-0.0074673
-0.0069255
-0.0063945
-0.0058742
-0.0053645
-0.0048648
-0.0043749
-0.0038947
-0.0034236
-0.0029614
-0.0025077
-0.0020622
-0.0016247
-0.0011950
-0.0007728
-0.0003579
0.0000497
0.0004500
0.0008430
0.0012284
0.0016060
0.0019755
0.0023361
0.0026871
0.0030276
0.0033565
0.0036723
0.0039736
0.0042583
0.0045245
0.0047698
0.0049919
0.0051882
0.0053564
0.0054938
0.0055986
0.0056690
0.0057038
-0.0225053
-0.0224122
-0.0222245
-0.0219507
-0.0215977
-0.0211735
-0.0206872
-0.0201479
-0.0195646
-0.0189462
-0.0183003
-0.0176343
-0.0169545
-0.0162663
-0.0155743
-0.0148824
-0.0141937
-0.0135110
-0.0128361
-0.0121706
-0.0115159
-0.0108727
-0.0102415
-0.0096229
-0.0090170
-0.0084238
-0.0078432
-0.0072750
-0.0067190
-0.0061748
-0.0056422
-0.0051206
-0.0046097
-0.0041090
-0.0036180
-0.0031364
-0.0026638
-0.0021998
-0.0017439
-0.0012959
-0.0008554
-0.0004222
0.0000037
0.0004226
0.0008344
0.0012391
0.0016364
0.0020260
0.0024073
0.0027795
0.0031418
0.0034930
0.0038316
0.0041556
0.0044634
0.0047523
0.0050200
0.0052633
0.0054792
0.0056650
0.0058173
0.0059339
0.0060124
0.0060511
-0.0241351
-0.0240276
-0.0238109
-0.0234961
-0.0230921
-0.0226091
-0.0220582
-0.0214506
-0.0207975
-0.0201089
-0.0193938
-0.0186606
-0.0179159
-0.0171660
-0.0164153
-0.0156681
-0.0149275
-0.0141960
-0.0134754
-0.0127672
-0.0120724
-0.0113917
-0.0107255
-0.0100740
-0.0094371
-0.0088146
-0.0082066
-0.0076123
-0.0070317
-0.0064640
-0.0059089
-0.0053657
-0.0048342
-0.0043135
-0.0038031
-0.0033025
-0.0028114
-0.0023291
-0.0018551
-0.0013892
-0.0009308
-0.0004795
-0.0000353
0.0004022
0.0008331
0.0012573
0.0016746
0.0020848
0.0024875
0.0028819
0.0032673
0.0036421
0.0040050
0.0043542
0.0046873
0.0050016
0.0052943
0.0055618
0.0058005
0.0060067
0.0061768
0.0063072
0.0063953
0.0064389
-0.0258732
-0.0257477
-0.0254957
-0.0251312
-0.0246657
-0.0241127
-0.0234858
-0.0227992
-0.0220660
-0.0212979
-0.0205057
-0.0196982
-0.0188829
-0.0180662
-0.0172531
-0.0164474
-0.0156523
-0.0148701
-0.0141023
-0.0133503
-0.0126148
-0.0118963
-0.0111948
-0.0105103
-0.0098427
-0.0091913
-0.0085560
-0.0079363
-0.0073313
-0.0067407
-0.0061636
-0.0055995
-0.0050477
-0.0045075
-0.0039783
-0.0034593
-0.0029502
-0.0024501
-0.0019585
-0.0014749
-0.0009988
-0.0005298
-0.0000674
0.0003886
0.0008383
0.0012821
0.0017198
0.0021512
0.0025760
0.0029935
0.0034030
0.0038031
0.0041924
0.0045687
0.0049299
0.0052727
0.0055937
0.0058890
0.0061542
0.0063847
0.0065757
0.0067229
0.0068226
0.0068720
-0.0277370
-0.0275892
-0.0272932
-0.0268675
-0.0263274
-0.0256902
-0.0249736
-0.0241947
-0.0233694
-0.0225116
-0.0216329
-0.0207436
-0.0198515
-0.0189631
-0.0180834
-0.0172162
-0.0163643
-0.0155296
-0.0147136
-0.0139171
-0.0131405
-0.0123839
-0.0116471
-0.0109300
-0.0102318
-0.0095521
-0.0088902
-0.0082453
-0.0076168
-0.0070037
-0.0064054
-0.0058210
-0.0052496
-0.0046907
-0.0041432
-0.0036065
-0.0030798
-0.0025626
-0.0020539
-0.0015532
-0.0010599
-0.0005735
-0.0000933
0.0003809
0.0008496
0.0013131
0.0017712
0.0022242
0.0026717
0.0031132
0.0035480
0.0039750
0.0043925
0.0047987
0.0051907
0.0055655
0.0059189
0.0062465
0.0065427
0.0068020
0.0070184
0.0071860
0.0073000
0.0073568
-0.0297487
-0.0295725
-0.0292208
-0.0287186
-0.0280865
-0.0273474
-0.0265239
-0.0256371
-0.0247057
-0.0237461
-0.0227712
-0.0217919
-0.0208165
-0.0198514
-0.0189013
-0.0179698
-0.0170590
-0.0161706
-0.0153054
-0.0144640
-0.0136462
-0.0128517
-0.0120800
-0.0113305
-0.0106025
-0.0098950
-0.0092072
-0.0085380
-0.0078866
-0.0072520
-0.0066332
-0.0060293
-0.0054393
-0.0048623
-0.0042974
-0.0037436
-0.0032002
-0.0026663
-0.0021413
-0.0016241
-0.0011142
-0.0006107
-0.0001133
0.0003790
0.0008663
0.0013492
0.0018279
0.0023027
0.0027732
0.0032395
0.0037008
0.0041561
0.0046041
0.0050425
0.0054689
0.0058795
0.0062700
0.0066351
0.0069681
0.0072623
0.0075096
0.0077027
0.0078348
0.0079007
-0.0319360
-0.0317228
-0.0312993
-0.0307000
-0.0299534
-0.0290897
-0.0281379
-0.0271242
-0.0260707
-0.0249959
-0.0239141
-0.0228365
-0.0217713
-0.0207248
-0.0197009
-0.0187026
-0.0177314
-0.0167884
-0.0158738
-0.0149873
-0.0141285
-0.0132966
-0.0124907
-0.0117098
-0.0109527
-0.0102183
-0.0095055
-0.0088131
-0.0081397
-0.0074846
-0.0068462
-0.0062237
-0.0056160
-0.0050218
-0.0044402
-0.0038703
-0.0033111
-0.0027615
-0.0022206
-0.0016878
-0.0011618
-0.0006421
-0.0001278
0.0003818
0.0008874
0.0013894
0.0018886
0.0023852
0.0028793
0.0033709
0.0038596
0.0043448
0.0048250
0.0052986
0.0057627
0.0062136
0.0066466
0.0070555
0.0074326
0.0077691
0.0080550
0.0082803
0.0084355
0.0085134
-0.0343352
-0.0340727
-0.0335544
-0.0328296
-0.0319381
-0.0309207
-0.0298144
-0.0286514
-0.0274575
-0.0262530
-0.0250531
-0.0238688
-0.0227079
-0.0215756
-0.0204751
-0.0194083
-0.0183759
-0.0173779
-0.0164139
-0.0154829
-0.0145840
-0.0137157
-0.0128765
-0.0120652
-0.0112802
-0.0105202
-0.0097835
-0.0090689
-0.0083749
-0.0077002
-0.0070435
-0.0064034
-0.0057789
-0.0051687
-0.0045716
-0.0039864
-0.0034122
-0.0028478
-0.0022922
-0.0017444
-0.0012033
-0.0006681
-0.0001378
0.0003886
0.0009118
0.0014327
0.0019519
0.0024701
0.0029878
0.0035051
0.0040220
0.0045382
0.0050527
0.0055640
0.0060695
0.0065656
0.0070473
0.0075076
0.0079375
0.0083262
0.0086609
0.0089277
0.0091135
0.0092073
-0.0369938
-0.0366637
-0.0360173
-0.0351269
-0.0340498
-0.0328411
-0.0315484
-0.0302100
-0.0288553
-0.0275059
-0.0261768
-0.0248780
-0.0236162
-0.0223948
-0.0212158
-0.0200797
-0.0189860
-0.0179336
-0.0169211
-0.0159468
-0.0150089
-0.0141054
-0.0132345
-0.0123943
-0.0115829
-0.0107986
-0.0100396
-0.0093041
-0.0085907
-0.0078978
-0.0072241
-0.0065677
-0.0059277
-0.0053025
-0.0046909
-0.0040917
-0.0035035
-0.0029254
-0.0023560
-0.0017943
-0.0012391
-0.0006892
-0.0001437
0.0003986
0.0009387
0.0014776
0.0020163
0.0025557
0.0030966
0.0036395
0.0041851
0.0047333
0.0052836
0.0058351
0.0063857
0.0069321
0.0074693
0.0079898
0.0084836
0.0089373
0.0093346
0.0096563
0.0098831
0.0099988
-0.0399771
-0.0395509
-0.0387258
-0.0376125
-0.0362947
-0.0348470
-0.0333290
-0.0317856
-0.0302486
-0.0287391
-0.0272705
-0.0258508
-0.0244840
-0.0231718
-0.0219139
-0.0207088
-0.0195548
-0.0184494
-0.0173902
-0.0163743
-0.0153994
-0.0144627
-0.0135619
-0.0126946
-0.0118586
-0.0110517
-0.0102720
-0.0095173
-0.0087861
-0.0080765
-0.0073870
-0.0067158
-0.0060615
-0.0054227
-0.0047979
-0.0041858
-0.0035849
-0.0029942
-0.0024122
-0.0018377
-0.0012693
-0.0007060
-0.0001464
0.0004108
0.0009666
0.0015227
0.0020799
0.0026397
0.0032032
0.0037715
0.0043456
0.0049260
0.0055133
0.0061070
0.0067060
0.0073077
0.0079077
0.0084987
0.0090696
0.0096049
0.0100834
0.0104792
0.0107636
0.0109106
-0.0433768
-0.0428082
-0.0417252
-0.0403052
-0.0386717
-0.0369245
-0.0351363
-0.0333560
-0.0316152
-0.0299318
-0.0283157
-0.0267708
-0.0252977
-0.0238948
-0.0225591
-0.0212871
-0.0200751
-0.0189193
-0.0178157
-0.0167610
-0.0157516
-0.0147842
-0.0138558
-0.0129637
-0.0121052
-0.0112777
-0.0104791
-0.0097072
-0.0089598
-0.0082353
-0.0075315
-0.0068470
-0.0061800
-0.0055289
-0.0048922
-0.0042685
-0.0036563
-0.0030542
-0.0024609
-0.0018748
-0.0012947
-0.0007191
-0.0001467
0.0004241
0.0009947
0.0015664
0.0021411
0.0027200
0.0033051
0.0038977
0.0044996
0.0051121
0.0057365
0.0063736
0.0070236
0.0076852
0.0083552
0.0090275
0.0096911
0.0103288
0.0109146
0.0114132
0.0117812
0.0119753
-0.0473267
-0.0465359
-0.0450662
-0.0432156
-0.0411659
-0.0390456
-0.0369372
-0.0348885
-0.0329251
-0.0310580
-0.0292902
-0.0276196
-0.0260417
-0.0245507
-0.0231408
-0.0218056
-0.0205395
-0.0193369
-0.0181928
-0.0171025
-0.0160618
-0.0150666
-0.0141136
-0.0131992
-0.0123207
-0.0114750
-0.0106597
-0.0098724
-0.0091109
-0.0083730
-0.0076569
-0.0069607
-0.0062824
-0.0056206
-0.0049736
-0.0043398
-0.0037177
-0.0031056
-0.0025023
-0.0019060
-0.0013154
-0.0007291
-0.0001452
0.0004377
0.0010213
0.0016073
0.0021977
0.0027944
0.0033993
0.0040147
0.0046429
0.0052862
0.0059470
0.0066274
0.0073294
0.0080539
0.0088002
0.0095645
0.0103383
0.0111042
0.0118327
0.0124770
0.0129718
0.0132417
-0.0520343
-0.0508710
-0.0487968
-0.0463322
-0.0437354
-0.0411584
-0.0386806
-0.0363374
-0.0341397
-0.0320860
-0.0301682
-0.0283761
-0.0266990
-0.0251260
-0.0236478
-0.0222553
-0.0209405
-0.0196962
-0.0185161
-0.0173946
-0.0163264
-0.0153071
-0.0143326
-0.0133991
-0.0125032
-0.0116419
-0.0108123
-0.0100120
-0.0092383
-0.0084892
-0.0077625
-0.0070563
-0.0063686
-0.0056977
-0.0050419
-0.0043994
-0.0037688
-0.0031483
-0.0025364
-0.0019316
-0.0013322
-0.0007365
-0.0001428
0.0004506
0.0010455
0.0016440
0.0022481
0.0028604
0.0034830
0.0041188
0.0047710
0.0054428
0.0061376
0.0068596
0.0076127
0.0084008
0.0092269
0.0100921
0.0109927
0.0119164
0.0128341
0.0136893
0.0143855
0.0147876
-0.0578412
-0.0559912
-0.0529342
-0.0495930
-0.0462928
-0.0431769
-0.0402926
-0.0376429
-0.0352122
-0.0329790
-0.0309212
-0.0290184
-0.0272523
-0.0256071
-0.0240694
-0.0226274
-0.0212710
-0.0199914
-0.0187810
-0.0176332
-0.0165423
-0.0155030
-0.0145107
-0.0135613
-0.0126512
-0.0117771
-0.0109359
-0.0101248
-0.0093413
-0.0085830
-0.0078477
-0.0071333
-0.0064379
-0.0057596
-0.0050966
-0.0044472
-0.0038098
-0.0031825
-0.0025637
-0.0019518
-0.0013451
-0.0007418
-0.0001401
0.0004619
0.0010661
0.0016750
0.0022906
0.0029159
0.0035535
0.0042068
0.0048796
0.0055761
0.0063012
0.0070606
0.0078609
0.0087095
0.0096143
0.0105837
0.0116236
0.0127336
0.0138967
0.0150584
0.0160902
0.0167487
-0.0653776
-0.0620707
-0.0573920
-0.0528336
-0.0486780
-0.0449707
-0.0416743
-0.0387321
-0.0360890
-0.0336978
-0.0315202
-0.0295244
-0.0276850
-0.0259812
-0.0243956
-0.0229142
-0.0215248
-0.0202175
-0.0189834
-0.0178152
-0.0167066
-0.0156518
-0.0146458
-0.0136843
-0.0127633
-0.0118793
-0.0110292
-0.0102099
-0.0094190
-0.0086537
-0.0079119
-0.0071913
-0.0064901
-0.0058062
-0.0051378
-0.0044832
-0.0038405
-0.0032079
-0.0025840
-0.0019668
-0.0013546
-0.0007455
-0.0001377
0.0004708
0.0010823
0.0016990
0.0023236
0.0029589
0.0036082
0.0042753
0.0049644
0.0056807
0.0064305
0.0072208
0.0080608
0.0089616
0.0099371
0.0110043
0.0121835
0.0134964
0.0149584
0.0165531
0.0181605
0.0193836
-0.0760713
-0.0689988
-0.0618124
-0.0557080
-0.0506322
-0.0463625
-0.0427072
-0.0395253
-0.0367155
-0.0342047
-0.0319381
-0.0298747
-0.0279827
-0.0262371
-0.0246180
-0.0231091
-0.0216969
-0.0203703
-0.0191200
-0.0179378
-0.0168171
-0.0157517
-0.0147365
-0.0137668
-0.0128384
-0.0119479
-0.0110917
-0.0102670
-0.0094709
-0.0087009
-0.0079547
-0.0072301
-0.0065250
-0.0058374
-0.0051654
-0.0045072
-0.0038610
-0.0032250
-0.0025975
-0.0019768
-0.0013609
-0.0007480
-0.0001361
0.0004768
0.0010932
0.0017152
0.0023458
0.0029880
0.0036452
0.0043216
0.0050220
0.0057521
0.0065189
0.0073312
0.0081997
0.0091390
0.0101680
0.0113126
0.0126090
0.0141084
0.0158836
0.0180259
0.0205934
0.0232458
-0.0946786
-0.0758634
-0.0649835
-0.0574645
-0.0517325
-0.0471119
-0.0432487
-0.0399341
-0.0370349
-0.0344608
-0.0321480
-0.0300499
-0.0281312
-0.0263645
-0.0247283
-0.0232056
-0.0217819
-0.0204457
-0.0191874
-0.0179983
-0.0168716
-0.0158009
-0.0147811
-0.0138073
-0.0128754
-0.0119816
-0.0111224
-0.0102949
-0.0094964
-0.0087241
-0.0079758
-0.0072492
-0.0065421
-0.0058526
-0.0051788
-0.0045189
-0.0038711
-0.0032334
-0.0026041
-0.0019816
-0.0013639
-0.0007491
-0.0001352
0.0004800
0.0010986
0.0017232
0.0023568
0.0030024
0.0036637
0.0043448
0.0050508
0.0057880
0.0065634
0.0073869
0.0082703
0.0092301
0.0102882
0.0114766
0.0128435
0.0144675
0.0164873
0.0191779
0.0231483
0.0298390
