ITERATION: 0
BOX DIMENSIONS , 1 , 1
MATRIX DIMENSIONS , 32 , 32
| X | Y | U | V | P |
0 , 0 , 0 , 0 , -0.00625287
0.0322581 , 0 , -3.42361e-05 , 0 , -0.00618439
0.0645161 , 0 , -6.8127e-05 , 0 , -0.00604814
0.0967742 , 0 , -0.000101332 , 0 , -0.00584548
0.129032 , 0 , -0.00013352 , 0 , -0.00557844
0.16129 , 0 , -0.000164373 , 0 , -0.00524969
0.193548 , 0 , -0.000193591 , 0 , -0.00486251
0.225806 , 0 , -0.000220892 , 0 , -0.00442072
0.258065 , 0 , -0.000246019 , 0 , -0.00392869
0.290323 , 0 , -0.00026874 , 0 , -0.00339121
0.322581 , 0 , -0.000288848 , 0 , -0.00281351
0.354839 , 0 , -0.000306165 , 0 , -0.00220118
0.387097 , 0 , -0.000320538 , 0 , -0.00156011
0.419355 , 0 , -0.000331845 , 0 , -0.000896417
0.451613 , 0 , -0.000339989 , 0 , -0.000216438
0.483871 , 0 , -0.000344903 , 0 , 0.000473368
0.516129 , 0 , -0.000346546 , 0 , 0.00116646
0.548387 , 0 , -0.000344903 , 0 , 0.00185627
0.580645 , 0 , -0.000339989 , 0 , 0.00253624
0.612903 , 0 , -0.000331845 , 0 , 0.00319993
0.645161 , 0 , -0.000320538 , 0 , 0.00384101
0.677419 , 0 , -0.000306165 , 0 , 0.00445334
0.709677 , 0 , -0.000288848 , 0 , 0.00503103
0.741935 , 0 , -0.00026874 , 0 , 0.00556851
0.774194 , 0 , -0.000246019 , 0 , 0.00606055
0.806452 , 0 , -0.000220892 , 0 , 0.00650233
0.83871 , 0 , -0.000193591 , 0 , 0.00688952
0.870968 , 0 , -0.000164373 , 0 , 0.00721826
0.903226 , 0 , -0.00013352 , 0 , 0.0074853
0.935484 , 0 , -0.000101332 , 0 , 0.00768797
0.967742 , 0 , -6.8127e-05 , 0 , 0.00782422
1 , 0 , -3.42361e-05 , 0 , 0.00789269
1.03226 , 0 , 0 , - , -
0 , 0.0322581 , 0 , 3.42361e-05 , -0.00632134
0.0322581 , 0.0322581 , -3.45813e-05 , 3.38909e-05 , -0.00625218
0.0645161 , 0.0322581 , -6.88128e-05 , 3.32052e-05 , -0.00611455
0.0967742 , 0.0322581 , -0.000102349 , 3.21881e-05 , -0.00590985
0.129032 , 0.0322581 , -0.000134855 , 3.08531e-05 , -0.00564014
0.16129 , 0.0322581 , -0.000166009 , 2.92173e-05 , -0.00530812
0.193548 , 0.0322581 , -0.000195507 , 2.7301e-05 , -0.00491711
0.225806 , 0.0322581 , -0.000223065 , 2.51272e-05 , -0.00447098
0.258065 , 0.0322581 , -0.000248425 , 2.27209e-05 , -0.00397413
0.290323 , 0.0322581 , -0.000271352 , 2.01082e-05 , -0.00343142
0.322581 , 0.0322581 , -0.00029164 , 1.73165e-05 , -0.00284814
0.354839 , 0.0322581 , -0.000309108 , 1.43734e-05 , -0.00222993
0.387097 , 0.0322581 , -0.000323605 , 1.13068e-05 , -0.00158272
0.419355 , 0.0322581 , -0.000335007 , 8.14446e-06 , -0.000912706
0.451613 , 0.0322581 , -0.00034322 , 4.91388e-06 , -0.000226266
0.483871 , 0.0322581 , -0.000348175 , 1.64249e-06 , 0.000470083
0.516129 , 0.0322581 , -0.000349831 , -1.64249e-06 , 0.00116974
0.548387 , 0.0322581 , -0.000348175 , -4.91388e-06 , 0.00186609
0.580645 , 0.0322581 , -0.00034322 , -8.14446e-06 , 0.00255253
0.612903 , 0.0322581 , -0.000335007 , -1.13068e-05 , 0.00322255
0.645161 , 0.0322581 , -0.000323605 , -1.43734e-05 , 0.00386976
0.677419 , 0.0322581 , -0.000309108 , -1.73165e-05 , 0.00448797
0.709677 , 0.0322581 , -0.00029164 , -2.01082e-05 , 0.00507125
0.741935 , 0.0322581 , -0.000271352 , -2.27209e-05 , 0.00561396
0.774194 , 0.0322581 , -0.000248425 , -2.51272e-05 , 0.00611081
0.806452 , 0.0322581 , -0.000223065 , -2.7301e-05 , 0.00655694
0.83871 , 0.0322581 , -0.000195507 , -2.92173e-05 , 0.00694795
0.870968 , 0.0322581 , -0.000166009 , -3.08531e-05 , 0.00727997
0.903226 , 0.0322581 , -0.000134855 , -3.21881e-05 , 0.00754968
0.935484 , 0.0322581 , -0.000102349 , -3.32052e-05 , 0.00775438
0.967742 , 0.0322581 , -6.88128e-05 , -3.38909e-05 , 0.007892
1 , 0.0322581 , -3.45813e-05 , -3.42361e-05 , 0.00796117
1.03226 , 0.0322581 , 0 , - , -
0 , 0.0645161 , 0 , 6.88175e-05 , -0.00645897
0.0322581 , 0.0645161 , -3.52765e-05 , 6.81224e-05 , -0.00638842
0.0645161 , 0.0645161 , -7.01935e-05 , 6.67416e-05 , -0.00624803
0.0967742 , 0.0645161 , -0.000104397 , 6.46941e-05 , -0.00603924
0.129032 , 0.0645161 , -0.000137542 , 6.20069e-05 , -0.00576416
0.16129 , 0.0645161 , -0.000169301 , 5.8715e-05 , -0.00542555
0.193548 , 0.0645161 , -0.000199362 , 5.48596e-05 , -0.00502683
0.225806 , 0.0645161 , -0.000227438 , 5.04871e-05 , -0.00457195
0.258065 , 0.0645161 , -0.000253264 , 4.5648e-05 , -0.00406542
0.290323 , 0.0645161 , -0.000276605 , 4.03955e-05 , -0.00351221
0.322581 , 0.0645161 , -0.000297251 , 3.47844e-05 , -0.00291771
0.354839 , 0.0645161 , -0.000315022 , 2.88704e-05 , -0.00228767
0.387097 , 0.0645161 , -0.000329766 , 2.27095e-05 , -0.00162814
0.419355 , 0.0645161 , -0.00034136 , 1.63571e-05 , -0.00094542
0.451613 , 0.0645161 , -0.000349708 , 9.86858e-06 , -0.000246003
0.483871 , 0.0645161 , -0.000354745 , 3.29857e-06 , 0.000463486
0.516129 , 0.0645161 , -0.000356428 , -3.29857e-06 , 0.00117634
0.548387 , 0.0645161 , -0.000354745 , -9.86858e-06 , 0.00188583
0.580645 , 0.0645161 , -0.000349708 , -1.63571e-05 , 0.00258525
0.612903 , 0.0645161 , -0.00034136 , -2.27095e-05 , 0.00326797
0.645161 , 0.0645161 , -0.000329766 , -2.88704e-05 , 0.0039275
0.677419 , 0.0645161 , -0.000315022 , -3.47844e-05 , 0.00455754
0.709677 , 0.0645161 , -0.000297251 , -4.03955e-05 , 0.00515204
0.741935 , 0.0645161 , -0.000276605 , -4.5648e-05 , 0.00570525
0.774194 , 0.0645161 , -0.000253264 , -5.04871e-05 , 0.00621178
0.806452 , 0.0645161 , -0.000227438 , -5.48596e-05 , 0.00666666
0.83871 , 0.0645161 , -0.000199362 , -5.8715e-05 , 0.00706538
0.870968 , 0.0645161 , -0.000169301 , -6.20069e-05 , 0.00740398
0.903226 , 0.0645161 , -0.000137542 , -6.46941e-05 , 0.00767907
0.935484 , 0.0645161 , -0.000104397 , -6.67416e-05 , 0.00788786
0.967742 , 0.0645161 , -7.01935e-05 , -6.81224e-05 , 0.00802825
1 , 0.0645161 , -3.52765e-05 , -6.88175e-05 , 0.0080988
1.03226 , 0.0645161 , 0 , - , -
0 , 0.0967742 , 0 , 0.000104094 , -0.00666716
0.0322581 , 0.0967742 , -3.6331e-05 , 0.000103039 , -0.0065945
0.0645161 , 0.0967742 , -7.22879e-05 , 0.000100945 , -0.00644992
0.0967742 , 0.0967742 , -0.000107502 , 9.78397e-05 , -0.00623492
0.129032 , 0.0967742 , -0.000141617 , 9.37656e-05 , -0.00595169
0.16129 , 0.0967742 , -0.00017429 , 8.87762e-05 , -0.00560311
0.193548 , 0.0967742 , -0.000205203 , 8.29351e-05 , -0.0051927
0.225806 , 0.0967742 , -0.000234059 , 7.63136e-05 , -0.00472458
0.258065 , 0.0967742 , -0.000260589 , 6.89886e-05 , -0.0042034
0.290323 , 0.0967742 , -0.000284552 , 6.10413e-05 , -0.0036343
0.322581 , 0.0967742 , -0.000305737 , 5.25552e-05 , -0.00302282
0.354839 , 0.0967742 , -0.000323962 , 4.36144e-05 , -0.0023749
0.387097 , 0.0967742 , -0.000339076 , 3.43034e-05 , -0.00169675
0.419355 , 0.0967742 , -0.000350957 , 2.4706e-05 , -0.000994832
0.451613 , 0.0967742 , -0.00035951 , 1.49048e-05 , -0.000275813
0.483871 , 0.0967742 , -0.000364668 , 4.98176e-06 , 0.000453522
0.516129 , 0.0967742 , -0.000366391 , -4.98176e-06 , 0.0011863
0.548387 , 0.0967742 , -0.000364668 , -1.49048e-05 , 0.00191564
0.580645 , 0.0967742 , -0.00035951 , -2.4706e-05 , 0.00263466
0.612903 , 0.0967742 , -0.000350957 , -3.43034e-05 , 0.00333657
0.645161 , 0.0967742 , -0.000339076 , -4.36144e-05 , 0.00401473
0.677419 , 0.0967742 , -0.000323962 , -5.25552e-05 , 0.00466265
0.709677 , 0.0967742 , -0.000305737 , -6.10413e-05 , 0.00527412
0.741935 , 0.0967742 , -0.000284552 , -6.89886e-05 , 0.00584323
0.774194 , 0.0967742 , -0.000260589 , -7.63136e-05 , 0.00636441
0.806452 , 0.0967742 , -0.000234059 , -8.29351e-05 , 0.00683253
0.83871 , 0.0967742 , -0.000205203 , -8.87762e-05 , 0.00724293
0.870968 , 0.0967742 , -0.00017429 , -9.37656e-05 , 0.00759151
0.903226 , 0.0967742 , -0.000141617 , -9.78397e-05 , 0.00787475
0.935484 , 0.0967742 , -0.000107502 , -0.000100945 , 0.00808975
0.967742 , 0.0967742 , -7.22879e-05 , -0.000103039 , 0.00823433
1 , 0.0967742 , -3.6331e-05 , -0.000104094 , 0.00830699
1.03226 , 0.0967742 , 0 , - , -
0 , 0.129032 , 0 , 0.000140425 , -0.00694801
0.0322581 , 0.129032 , -3.77598e-05 , 0.000138996 , -0.00687249
0.0645161 , 0.129032 , -7.51249e-05 , 0.000136159 , -0.00672224
0.0967742 , 0.129032 , -0.000111707 , 0.000131954 , -0.00649883
0.129032 , 0.129032 , -0.000147131 , 0.000126439 , -0.00620457
0.16129 , 0.129032 , -0.000181041 , 0.000119689 , -0.00584248
0.193548 , 0.129032 , -0.000213101 , 0.000111791 , -0.00541628
0.225806 , 0.129032 , -0.000243007 , 0.000102843 , -0.00493027
0.258065 , 0.129032 , -0.000270481 , 9.29515e-05 , -0.0043893
0.290323 , 0.129032 , -0.000295278 , 8.22261e-05 , -0.00379875
0.322581 , 0.129032 , -0.000317183 , 7.07805e-05 , -0.00316438
0.354839 , 0.129032 , -0.000336014 , 5.87286e-05 , -0.00249236
0.387097 , 0.129032 , -0.000351621 , 4.61839e-05 , -0.00178911
0.419355 , 0.129032 , -0.000363882 , 3.32585e-05 , -0.00106135
0.451613 , 0.129032 , -0.000372705 , 2.00628e-05 , -0.000315938
0.483871 , 0.129032 , -0.000378025 , 6.70549e-06 , 0.000440111
0.516129 , 0.129032 , -0.000379802 , -6.70549e-06 , 0.00119972
0.548387 , 0.129032 , -0.000378025 , -2.00628e-05 , 0.00195577
0.580645 , 0.129032 , -0.000372705 , -3.32585e-05 , 0.00270118
0.612903 , 0.129032 , -0.000363882 , -4.61839e-05 , 0.00342894
0.645161 , 0.129032 , -0.000351621 , -5.87286e-05 , 0.00413218
0.677419 , 0.129032 , -0.000336014 , -7.07805e-05 , 0.00480421
0.709677 , 0.129032 , -0.000317183 , -8.22261e-05 , 0.00543858
0.741935 , 0.129032 , -0.000295278 , -9.29515e-05 , 0.00602913
0.774194 , 0.129032 , -0.000270481 , -0.000102843 , 0.00657009
0.806452 , 0.129032 , -0.000243007 , -0.000111791 , 0.00705611
0.83871 , 0.129032 , -0.000213101 , -0.000119689 , 0.00748231
0.870968 , 0.129032 , -0.000181041 , -0.000126439 , 0.00784439
0.903226 , 0.129032 , -0.000147131 , -0.000131954 , 0.00813866
0.935484 , 0.129032 , -0.000111707 , -0.000136159 , 0.00836207
0.967742 , 0.129032 , -7.51249e-05 , -0.000138996 , 0.00851232
1 , 0.129032 , -3.77598e-05 , -0.000140425 , 0.00858784
1.03226 , 0.129032 , 0 , - , -
0 , 0.16129 , 0 , 0.000178185 , -0.00730438
0.0322581 , 0.16129 , -3.95833e-05 , 0.000176361 , -0.00722522
0.0645161 , 0.16129 , -7.87448e-05 , 0.000172741 , -0.00706773
0.0967742 , 0.16129 , -0.00011707 , 0.000167378 , -0.00683358
0.129032 , 0.16129 , -0.000154161 , 0.000160349 , -0.00652526
0.16129 , 0.16129 , -0.000189639 , 0.00015175 , -0.00614598
0.193548 , 0.16129 , -0.000223154 , 0.000141697 , -0.00569968
0.225806 , 0.16129 , -0.000254387 , 0.000130317 , -0.0051909
0.258065 , 0.16129 , -0.000283051 , 0.000117748 , -0.0046248
0.290323 , 0.16129 , -0.000308894 , 0.000104131 , -0.00400701
0.322581 , 0.16129 , -0.000331702 , 8.9612e-05 , -0.00334361
0.354839 , 0.16129 , -0.000351291 , 7.43356e-05 , -0.00264103
0.387097 , 0.16129 , -0.000367512 , 5.84452e-05 , -0.001906
0.419355 , 0.16129 , -0.000380246 , 4.20814e-05 , -0.00114551
0.451613 , 0.16129 , -0.000389405 , 2.53822e-05 , -0.000366703
0.483871 , 0.16129 , -0.000394924 , 8.48292e-06 , 0.000423145
0.516129 , 0.16129 , -0.000396768 , -8.48292e-06 , 0.00121668
0.548387 , 0.16129 , -0.000394924 , -2.53822e-05 , 0.00200653
0.580645 , 0.16129 , -0.000389405 , -4.20814e-05 , 0.00278534
0.612903 , 0.16129 , -0.000380246 , -5.84452e-05 , 0.00354583
0.645161 , 0.16129 , -0.000367512 , -7.43356e-05 , 0.00428085
0.677419 , 0.16129 , -0.000351291 , -8.9612e-05 , 0.00498344
0.709677 , 0.16129 , -0.000331702 , -0.000104131 , 0.00564684
0.741935 , 0.16129 , -0.000308894 , -0.000117748 , 0.00626463
0.774194 , 0.16129 , -0.000283051 , -0.000130317 , 0.00683073
0.806452 , 0.16129 , -0.000254387 , -0.000141697 , 0.0073395
0.83871 , 0.16129 , -0.000223154 , -0.00015175 , 0.00778581
0.870968 , 0.16129 , -0.000189639 , -0.000160349 , 0.00816509
0.903226 , 0.16129 , -0.000154161 , -0.000167378 , 0.00847341
0.935484 , 0.16129 , -0.00011707 , -0.000172741 , 0.00870755
0.967742 , 0.16129 , -7.87448e-05 , -0.000176361 , 0.00886504
1 , 0.16129 , -3.95833e-05 , -0.000178185 , 0.00894421
1.03226 , 0.16129 , 0 , - , -
0 , 0.193548 , 0 , 0.000217768 , -0.00773992
0.0322581 , 0.193548 , -4.18286e-05 , 0.000215523 , -0.00765626
0.0645161 , 0.193548 , -8.32006e-05 , 0.000211067 , -0.00748986
0.0967742 , 0.193548 , -0.000123668 , 0.000204469 , -0.00724252
0.129032 , 0.193548 , -0.000162803 , 0.000195827 , -0.00691692
0.16129 , 0.193548 , -0.000200201 , 0.000185265 , -0.00651652
0.193548 , 0.193548 , -0.00023549 , 0.00017293 , -0.00604554
0.225806 , 0.193548 , -0.000268335 , 0.000158981 , -0.00550886
0.258065 , 0.193548 , -0.00029844 , 0.000143592 , -0.00491198
0.290323 , 0.193548 , -0.000325548 , 0.000126938 , -0.00426089
0.322581 , 0.193548 , -0.000349439 , 0.000109201 , -0.00356201
0.354839 , 0.193548 , -0.000369935 , 9.05566e-05 , -0.00282214
0.387097 , 0.193548 , -0.000386888 , 7.11797e-05 , -0.00204836
0.419355 , 0.193548 , -0.000400186 , 5.12398e-05 , -0.00124799
0.451613 , 0.193548 , -0.000409742 , 3.09019e-05 , -0.000428507
0.483871 , 0.193548 , -0.000415499 , 1.03269e-05 , 0.000402492
0.516129 , 0.193548 , -0.000417422 , -1.03269e-05 , 0.00123734
0.548387 , 0.193548 , -0.000415499 , -3.09019e-05 , 0.00206833
0.580645 , 0.193548 , -0.000409742 , -5.12398e-05 , 0.00288782
0.612903 , 0.193548 , -0.000400186 , -7.11797e-05 , 0.00368819
0.645161 , 0.193548 , -0.000386888 , -9.05566e-05 , 0.00446197
0.677419 , 0.193548 , -0.000369935 , -0.000109201 , 0.00520184
0.709677 , 0.193548 , -0.000349439 , -0.000126938 , 0.00590072
0.741935 , 0.193548 , -0.000325548 , -0.000143592 , 0.00655181
0.774194 , 0.193548 , -0.00029844 , -0.000158981 , 0.00714869
0.806452 , 0.193548 , -0.000268335 , -0.00017293 , 0.00768536
0.83871 , 0.193548 , -0.00023549 , -0.000185265 , 0.00815634
0.870968 , 0.193548 , -0.000200201 , -0.000195827 , 0.00855674
0.903226 , 0.193548 , -0.000162803 , -0.000204469 , 0.00888235
0.935484 , 0.193548 , -0.000123668 , -0.000211067 , 0.00912969
0.967742 , 0.193548 , -8.32006e-05 , -0.000215523 , 0.00929609
1 , 0.193548 , -4.18286e-05 , -0.000217768 , 0.00937975
1.03226 , 0.193548 , 0 , - , -
0 , 0.225806 , 0 , 0.000259597 , -0.00825911
0.0322581 , 0.225806 , -4.45307e-05 , 0.000256895 , -0.00817005
0.0645161 , 0.225806 , -8.85604e-05 , 0.000251535 , -0.00799293
0.0967742 , 0.225806 , -0.0001316 , 0.000243603 , -0.00772973
0.129032 , 0.225806 , -0.000173182 , 0.000233225 , -0.00738337
0.16129 , 0.225806 , -0.000212871 , 0.000220555 , -0.00695762
0.193548 , 0.225806 , -0.00025027 , 0.000205775 , -0.00645709
0.225806 , 0.225806 , -0.000285024 , 0.000189086 , -0.00588704
0.258065 , 0.225806 , -0.000316827 , 0.000170699 , -0.00525338
0.290323 , 0.225806 , -0.000345416 , 0.00015083 , -0.00456255
0.322581 , 0.225806 , -0.000370573 , 0.000129697 , -0.0038214
0.354839 , 0.225806 , -0.000392121 , 0.00010751 , -0.00303716
0.387097 , 0.225806 , -0.000409921 , 8.44772e-05 , -0.00221732
0.419355 , 0.225806 , -0.000423867 , 6.07963e-05 , -0.00136958
0.451613 , 0.225806 , -0.00043388 , 3.66586e-05 , -0.000501824
0.483871 , 0.225806 , -0.000439908 , 1.22495e-05 , 0.000377993
0.516129 , 0.225806 , -0.000441921 , -1.22495e-05 , 0.00126183
0.548387 , 0.225806 , -0.000439908 , -3.66586e-05 , 0.00214165
0.580645 , 0.225806 , -0.00043388 , -6.07963e-05 , 0.00300941
0.612903 , 0.225806 , -0.000423867 , -8.44772e-05 , 0.00385714
0.645161 , 0.225806 , -0.000409921 , -0.00010751 , 0.00467699
0.677419 , 0.225806 , -0.000392121 , -0.000129697 , 0.00546123
0.709677 , 0.225806 , -0.000370573 , -0.00015083 , 0.00620238
0.741935 , 0.225806 , -0.000345416 , -0.000170699 , 0.00689321
0.774194 , 0.225806 , -0.000316827 , -0.000189086 , 0.00752686
0.806452 , 0.225806 , -0.000285024 , -0.000205775 , 0.00809691
0.83871 , 0.225806 , -0.00025027 , -0.000220555 , 0.00859745
0.870968 , 0.225806 , -0.000212871 , -0.000233225 , 0.00902319
0.903226 , 0.225806 , -0.000173182 , -0.000243603 , 0.00936956
0.935484 , 0.225806 , -0.0001316 , -0.000251535 , 0.00963276
0.967742 , 0.225806 , -8.85604e-05 , -0.000256895 , 0.00980988
1 , 0.225806 , -4.45307e-05 , -0.000259597 , 0.00989894
1.03226 , 0.225806 , 0 , - , -
0 , 0.258065 , 0 , 0.000304127 , -0.00886737
0.0322581 , 0.258065 , -4.77336e-05 , 0.000300924 , -0.0087719
0.0645161 , 0.258065 , -9.49105e-05 , 0.000294574 , -0.00858208
0.0967742 , 0.258065 , -0.000140989 , 0.000285186 , -0.0083001
0.129032 , 0.258065 , -0.000185454 , 0.000272914 , -0.00792919
0.16129 , 0.258065 , -0.000227831 , 0.000257953 , -0.00747353
0.193548 , 0.258065 , -0.000267693 , 0.00024053 , -0.00693814
0.225806 , 0.258065 , -0.000304665 , 0.000220889 , -0.00632881
0.258065 , 0.258065 , -0.000338428 , 0.000199288 , -0.00565196
0.290323 , 0.258065 , -0.000368717 , 0.000175987 , -0.00491452
0.322581 , 0.258065 , -0.000395315 , 0.000151245 , -0.00412389
0.354839 , 0.258065 , -0.000418056 , 0.00012531 , -0.00328778
0.387097 , 0.258065 , -0.000436809 , 9.84227e-05 , -0.00241416
0.419355 , 0.258065 , -0.00045148 , 7.08094e-05 , -0.0015112
0.451613 , 0.258065 , -0.000462003 , 4.26867e-05 , -0.000587197
0.483871 , 0.258065 , -0.000468333 , 1.42622e-05 , 0.000349468
0.516129 , 0.258065 , -0.000470445 , -1.42622e-05 , 0.00129036
0.548387 , 0.258065 , -0.000468333 , -4.26867e-05 , 0.00222702
0.580645 , 0.258065 , -0.000462003 , -7.08094e-05 , 0.00315103
0.612903 , 0.258065 , -0.00045148 , -9.84227e-05 , 0.00405399
0.645161 , 0.258065 , -0.000436809 , -0.00012531 , 0.00492761
0.677419 , 0.258065 , -0.000418056 , -0.000151245 , 0.00576372
0.709677 , 0.258065 , -0.000395315 , -0.000175987 , 0.00655435
0.741935 , 0.258065 , -0.000368717 , -0.000199288 , 0.00729178
0.774194 , 0.258065 , -0.000338428 , -0.000220889 , 0.00796864
0.806452 , 0.258065 , -0.000304665 , -0.00024053 , 0.00857797
0.83871 , 0.258065 , -0.000267693 , -0.000257953 , 0.00911336
0.870968 , 0.258065 , -0.000227831 , -0.000272914 , 0.00956902
0.903226 , 0.258065 , -0.000185454 , -0.000285186 , 0.00993993
0.935484 , 0.258065 , -0.000140989 , -0.000294574 , 0.0102219
0.967742 , 0.258065 , -9.49105e-05 , -0.000300924 , 0.0104117
1 , 0.258065 , -4.77336e-05 , -0.000304127 , 0.0105072
1.03226 , 0.258065 , 0 , - , -
0 , 0.290323 , 0 , 0.000351861 , -0.00957109
0.0322581 , 0.290323 , -5.14932e-05 , 0.000348101 , -0.0094681
0.0645161 , 0.290323 , -0.000102359 , 0.000340652 , -0.00926338
0.0967742 , 0.290323 , -0.00015199 , 0.000329651 , -0.0089594
0.129032 , 0.290323 , -0.000199814 , 0.000315291 , -0.00855977
0.16129 , 0.290323 , -0.000245307 , 0.000297815 , -0.00806916
0.193548 , 0.290323 , -0.000288006 , 0.000277502 , -0.00749315
0.225806 , 0.290323 , -0.000327516 , 0.000254652 , -0.00683812
0.258065 , 0.290323 , -0.000363504 , 0.000229576 , -0.00611111
0.290323 , 0.290323 , -0.000395707 , 0.000202586 , -0.0053197
0.322581 , 0.290323 , -0.000423916 , 0.000173985 , -0.00447186
0.354839 , 0.290323 , -0.000447977 , 0.000144064 , -0.00357591
0.387097 , 0.290323 , -0.000467779 , 0.000113094 , -0.00264035
0.419355 , 0.290323 , -0.000483242 , 8.13319e-05 , -0.00167387
0.451613 , 0.290323 , -0.000494318 , 4.90166e-05 , -0.00068523
0.483871 , 0.290323 , -0.000500974 , 1.63748e-05 , 0.000316719
0.516129 , 0.290323 , -0.000503195 , -1.63748e-05 , 0.00132311
0.548387 , 0.290323 , -0.000500974 , -4.90166e-05 , 0.00232506
0.580645 , 0.290323 , -0.000494318 , -8.13319e-05 , 0.00331369
0.612903 , 0.290323 , -0.000483242 , -0.000113094 , 0.00428018
0.645161 , 0.290323 , -0.000467779 , -0.000144064 , 0.00521574
0.677419 , 0.290323 , -0.000447977 , -0.000173985 , 0.00611169
0.709677 , 0.290323 , -0.000423916 , -0.000202586 , 0.00695952
0.741935 , 0.290323 , -0.000395707 , -0.000229576 , 0.00775094
0.774194 , 0.290323 , -0.000363504 , -0.000254652 , 0.00847794
0.806452 , 0.290323 , -0.000327516 , -0.000277502 , 0.00913298
0.83871 , 0.290323 , -0.000288006 , -0.000297815 , 0.00970899
0.870968 , 0.290323 , -0.000245307 , -0.000315291 , 0.0101996
0.903226 , 0.290323 , -0.000199814 , -0.000329651 , 0.0105992
0.935484 , 0.290323 , -0.00015199 , -0.000340652 , 0.0109032
0.967742 , 0.290323 , -0.000102359 , -0.000348101 , 0.0111079
1 , 0.290323 , -5.14932e-05 , -0.000351861 , 0.0112109
1.03226 , 0.290323 , 0 , - , -
0 , 0.322581 , 0 , 0.000403354 , -0.0103778
0.0322581 , 0.322581 , -5.58798e-05 , 0.000398968 , -0.010266
0.0645161 , 0.322581 , -0.000111044 , 0.000390283 , -0.0100439
0.0967742 , 0.322581 , -0.0001648 , 0.000377474 , -0.00971435
0.129032 , 0.322581 , -0.000216504 , 0.000360784 , -0.00928134
0.16129 , 0.322581 , -0.000265575 , 0.000340515 , -0.00875019
0.193548 , 0.322581 , -0.00031151 , 0.000317011 , -0.00812717
0.225806 , 0.322581 , -0.000353886 , 0.000290641 , -0.0074194
0.258065 , 0.322581 , -0.000392367 , 0.000261778 , -0.00663467
0.290323 , 0.322581 , -0.00042669 , 0.000230795 , -0.00578129
0.322581 , 0.322581 , -0.000456665 , 0.000198046 , -0.00486796
0.354839 , 0.322581 , -0.000482159 , 0.000163865 , -0.00390364
0.387097 , 0.322581 , -0.000503085 , 0.000128558 , -0.00289747
0.419355 , 0.322581 , -0.000519393 , 9.24076e-05 , -0.00185868
0.451613 , 0.322581 , -0.000531053 , 5.5673e-05 , -0.000796576
0.483871 , 0.322581 , -0.000538052 , 1.85953e-05 , 0.000279528
0.516129 , 0.322581 , -0.000540386 , -1.85953e-05 , 0.0013603
0.548387 , 0.322581 , -0.000538052 , -5.5673e-05 , 0.0024364
0.580645 , 0.322581 , -0.000531053 , -9.24076e-05 , 0.00349851
0.612903 , 0.322581 , -0.000519393 , -0.000128558 , 0.00453729
0.645161 , 0.322581 , -0.000503085 , -0.000163865 , 0.00554347
0.677419 , 0.322581 , -0.000482159 , -0.000198046 , 0.00650778
0.709677 , 0.322581 , -0.000456665 , -0.000230795 , 0.00742111
0.741935 , 0.322581 , -0.00042669 , -0.000261778 , 0.00827449
0.774194 , 0.322581 , -0.000392367 , -0.000290641 , 0.00905923
0.806452 , 0.322581 , -0.000353886 , -0.000317011 , 0.009767
0.83871 , 0.322581 , -0.00031151 , -0.000340515 , 0.01039
0.870968 , 0.322581 , -0.000265575 , -0.000360784 , 0.0109212
0.903226 , 0.322581 , -0.000216504 , -0.000377474 , 0.0113542
0.935484 , 0.322581 , -0.0001648 , -0.000390283 , 0.0116838
0.967742 , 0.322581 , -0.000111044 , -0.000398968 , 0.0119059
1 , 0.322581 , -5.58798e-05 , -0.000403354 , 0.0120176
1.03226 , 0.322581 , 0 , - , -
0 , 0.354839 , 0 , 0.000459234 , -0.0112963
0.0322581 , 0.354839 , -6.09823e-05 , 0.000454131 , -0.0111743
0.0645161 , 0.354839 , -0.000121135 , 0.00044404 , -0.010932
0.0967742 , 0.354839 , -0.000179662 , 0.000429178 , -0.0105727
0.129032 , 0.354839 , -0.000235827 , 0.000409855 , -0.0101011
0.16129 , 0.354839 , -0.000288981 , 0.00038645 , -0.00952309
0.193548 , 0.354839 , -0.000338571 , 0.000359388 , -0.00884595
0.225806 , 0.354839 , -0.000384154 , 0.000329121 , -0.00807764
0.258065 , 0.354839 , -0.000425386 , 0.000296102 , -0.00722687
0.290323 , 0.354839 , -0.000462021 , 0.00026077 , -0.00630283
0.322581 , 0.354839 , -0.000493895 , 0.00022354 , -0.00531504
0.354839 , 0.354839 , -0.000520908 , 0.000184791 , -0.00427322
0.387097 , 0.354839 , -0.000543012 , 0.000144865 , -0.0031872
0.419355 , 0.354839 , -0.00056019 , 0.000104068 , -0.00206682
0.451613 , 0.354839 , -0.000572448 , 6.26723e-05 , -0.000921921
0.483871 , 0.354839 , -0.000579796 , 2.09289e-05 , 0.00023767
0.516129 , 0.354839 , -0.000582243 , -2.09289e-05 , 0.00140216
0.548387 , 0.354839 , -0.000579796 , -6.26723e-05 , 0.00256175
0.580645 , 0.354839 , -0.000572448 , -0.000104068 , 0.00370664
0.612903 , 0.354839 , -0.00056019 , -0.000144865 , 0.00482702
0.645161 , 0.354839 , -0.000543012 , -0.000184791 , 0.00591305
0.677419 , 0.354839 , -0.000520908 , -0.00022354 , 0.00695486
0.709677 , 0.354839 , -0.000493895 , -0.00026077 , 0.00794265
0.741935 , 0.354839 , -0.000462021 , -0.000296102 , 0.0088667
0.774194 , 0.354839 , -0.000425386 , -0.000329121 , 0.00971747
0.806452 , 0.354839 , -0.000384154 , -0.000359388 , 0.0104858
0.83871 , 0.354839 , -0.000338571 , -0.00038645 , 0.0111629
0.870968 , 0.354839 , -0.000288981 , -0.000409855 , 0.0117409
0.903226 , 0.354839 , -0.000235827 , -0.000429178 , 0.0122125
0.935484 , 0.354839 , -0.000179662 , -0.00044404 , 0.0125719
0.967742 , 0.354839 , -0.000121135 , -0.000454131 , 0.0128141
1 , 0.354839 , -6.09823e-05 , -0.000459234 , 0.0129361
1.03226 , 0.354839 , 0 , - , -
0 , 0.387097 , 0 , 0.000520216 , -0.0123367
0.0322581 , 0.387097 , -6.69143e-05 , 0.000514284 , -0.0122029
0.0645161 , 0.387097 , -0.000132853 , 0.000502566 , -0.0119372
0.0967742 , 0.387097 , -0.000196885 , 0.000485343 , -0.0115434
0.129032 , 0.387097 , -0.000258162 , 0.000463008 , -0.0110271
0.16129 , 0.387097 , -0.000315949 , 0.00043604 , -0.0103952
0.193548 , 0.387097 , -0.000369641 , 0.000404971 , -0.00965589
0.225806 , 0.387097 , -0.000418771 , 0.000370353 , -0.00881835
0.258065 , 0.387097 , -0.000463002 , 0.000332737 , -0.00789234
0.290323 , 0.387097 , -0.000502114 , 0.000292644 , -0.00688811
0.322581 , 0.387097 , -0.000535985 , 0.000250553 , -0.00581614
0.354839 , 0.387097 , -0.000564566 , 0.000206895 , -0.00468701
0.387097 , 0.387097 , -0.000587863 , 0.000162044 , -0.00351129
0.419355 , 0.387097 , -0.000605909 , 0.000116325 , -0.00229947
0.451613 , 0.387097 , -0.000618753 , 7.00199e-05 , -0.00106196
0.483871 , 0.387097 , -0.000626439 , 2.33767e-05 , 0.000190917
0.516129 , 0.387097 , -0.000628997 , -2.33767e-05 , 0.00144891
0.548387 , 0.387097 , -0.000626439 , -7.00199e-05 , 0.00270179
0.580645 , 0.387097 , -0.000618753 , -0.000116325 , 0.00393929
0.612903 , 0.387097 , -0.000605909 , -0.000162044 , 0.00515111
0.645161 , 0.387097 , -0.000587863 , -0.000206895 , 0.00632684
0.677419 , 0.387097 , -0.000564566 , -0.000250553 , 0.00745597
0.709677 , 0.387097 , -0.000535985 , -0.000292644 , 0.00852794
0.741935 , 0.387097 , -0.000502114 , -0.000332737 , 0.00953217
0.774194 , 0.387097 , -0.000463002 , -0.000370353 , 0.0104582
0.806452 , 0.387097 , -0.000418771 , -0.000404971 , 0.0112957
0.83871 , 0.387097 , -0.000369641 , -0.00043604 , 0.012035
0.870968 , 0.387097 , -0.000315949 , -0.000463008 , 0.0126669
0.903226 , 0.387097 , -0.000258162 , -0.000485343 , 0.0131832
0.935484 , 0.387097 , -0.000196885 , -0.000502566 , 0.013577
0.967742 , 0.387097 , -0.000132853 , -0.000514284 , 0.0138427
1 , 0.387097 , -6.69143e-05 , -0.000520216 , 0.0139765
1.03226 , 0.387097 , 0 , - , -
0 , 0.419355 , 0 , 0.000587131 , -0.013511
0.0322581 , 0.419355 , -7.38219e-05 , 0.000580223 , -0.0133633
0.0645161 , 0.419355 , -0.000146478 , 0.000566598 , -0.0130704
0.0967742 , 0.419355 , -0.000216863 , 0.00054662 , -0.0126366
0.129032 , 0.419355 , -0.000283987 , 0.000520795 , -0.0120687
0.16129 , 0.419355 , -0.000347011 , 0.000489733 , -0.0113746
0.193548 , 0.419355 , -0.000405273 , 0.000454101 , -0.0105641
0.225806 , 0.419355 , -0.000458288 , 0.000414584 , -0.00964752
0.258065 , 0.419355 , -0.000505738 , 0.000371849 , -0.00863604
0.290323 , 0.419355 , -0.000547449 , 0.000326514 , -0.00754114
0.322581 , 0.419355 , -0.000583364 , 0.000279135 , -0.00637441
0.354839 , 0.419355 , -0.000613509 , 0.000230192 , -0.00514739
0.387097 , 0.419355 , -0.000637964 , 0.000180091 , -0.00387147
0.419355 , 0.419355 , -0.000656831 , 0.000129169 , -0.0025578
0.451613 , 0.419355 , -0.000670217 , 7.77053e-05 , -0.00121737
0.483871 , 0.419355 , -0.000678209 , 2.59349e-05 , 0.000139047
0.516129 , 0.419355 , -0.000680867 , -2.59349e-05 , 0.00150078
0.548387 , 0.419355 , -0.000678209 , -7.77053e-05 , 0.0028572
0.580645 , 0.419355 , -0.000670217 , -0.000129169 , 0.00419763
0.612903 , 0.419355 , -0.000656831 , -0.000180091 , 0.00551129
0.645161 , 0.419355 , -0.000637964 , -0.000230192 , 0.00678722
0.677419 , 0.419355 , -0.000613509 , -0.000279135 , 0.00801424
0.709677 , 0.419355 , -0.000583364 , -0.000326514 , 0.00918097
0.741935 , 0.419355 , -0.000547449 , -0.000371849 , 0.0102759
0.774194 , 0.419355 , -0.000505738 , -0.000414584 , 0.0112873
0.806452 , 0.419355 , -0.000458288 , -0.000454101 , 0.0122039
0.83871 , 0.419355 , -0.000405273 , -0.000489733 , 0.0130145
0.870968 , 0.419355 , -0.000347011 , -0.000520795 , 0.0137085
0.903226 , 0.419355 , -0.000283987 , -0.00054662 , 0.0142765
0.935484 , 0.419355 , -0.000216863 , -0.000566598 , 0.0147102
0.967742 , 0.419355 , -0.000146478 , -0.000580223 , 0.0150031
1 , 0.419355 , -7.38219e-05 , -0.000587131 , 0.0151508
1.03226 , 0.419355 , 0 , - , -
0 , 0.451613 , 0 , 0.000660952 , -0.0148329
0.0322581 , 0.451613 , -8.18953e-05 , 0.000652879 , -0.0146691
0.0645161 , 0.451613 , -0.000162373 , 0.000636983 , -0.0143443
0.0967742 , 0.451613 , -0.000240103 , 0.000613744 , -0.0138641
0.129032 , 0.451613 , -0.000313911 , 0.00058382 , -0.0132363
0.16129 , 0.451613 , -0.000382836 , 0.000547995 , -0.0124706
0.193548 , 0.451613 , -0.000446153 , 0.000507116 , -0.0115783
0.225806 , 0.451613 , -0.00050337 , 0.000462034 , -0.0105716
0.258065 , 0.451613 , -0.000554211 , 0.00041356 , -0.00946316
0.290323 , 0.451613 , -0.00059858 , 0.000362429 , -0.008266
0.322581 , 0.451613 , -0.000636513 , 0.00030928 , -0.00699297
0.354839 , 0.451613 , -0.000668144 , 0.000254646 , -0.00565669
0.387097 , 0.451613 , -0.000693652 , 0.000198958 , -0.00426938
0.419355 , 0.451613 , -0.000713234 , 0.000142555 , -0.00284291
0.451613 , 0.451613 , -0.000727074 , 8.56978e-05 , -0.00138877
0.483871 , 0.451613 , -0.000735315 , 2.85922e-05 , 8.18625e-05
0.516129 , 0.451613 , -0.000738051 , -2.85922e-05 , 0.00155796
0.548387 , 0.451613 , -0.000735315 , -8.56978e-05 , 0.00302859
0.580645 , 0.451613 , -0.000727074 , -0.000142555 , 0.00448274
0.612903 , 0.451613 , -0.000713234 , -0.000198958 , 0.00590921
0.645161 , 0.451613 , -0.000693652 , -0.000254646 , 0.00729651
0.677419 , 0.451613 , -0.000668144 , -0.00030928 , 0.0086328
0.709677 , 0.451613 , -0.000636513 , -0.000362429 , 0.00990583
0.741935 , 0.451613 , -0.00059858 , -0.00041356 , 0.011103
0.774194 , 0.451613 , -0.000554211 , -0.000462034 , 0.0122114
0.806452 , 0.451613 , -0.00050337 , -0.000507116 , 0.0132181
0.83871 , 0.451613 , -0.000446153 , -0.000547995 , 0.0141105
0.870968 , 0.451613 , -0.000382836 , -0.00058382 , 0.0148761
0.903226 , 0.451613 , -0.000313911 , -0.000613744 , 0.0155039
0.935484 , 0.451613 , -0.000240103 , -0.000636983 , 0.0159842
0.967742 , 0.451613 , -0.000162373 , -0.000652879 , 0.0163089
1 , 0.451613 , -8.18953e-05 , -0.000660952 , 0.0164727
1.03226 , 0.451613 , 0 , - , -
0 , 0.483871 , 0 , 0.000742848 , -0.0163186
0.0322581 , 0.483871 , -9.13862e-05 , 0.000733357 , -0.0161358
0.0645161 , 0.483871 , -0.000181018 , 0.000714713 , -0.0157738
0.0967742 , 0.483871 , -0.000267263 , 0.000687552 , -0.0152392
0.129032 , 0.483871 , -0.000348718 , 0.000652745 , -0.0145418
0.16129 , 0.483871 , -0.00042427 , 0.000611312 , -0.0136933
0.193548 , 0.483871 , -0.000493131 , 0.000564333 , -0.012707
0.225806 , 0.483871 , -0.000554827 , 0.000512875 , -0.0115973
0.258065 , 0.483871 , -0.000609158 , 0.000457928 , -0.010379
0.290323 , 0.483871 , -0.000656145 , 0.000400363 , -0.00906673
0.322581 , 0.483871 , -0.000695966 , 0.00034091 , -0.00767479
0.354839 , 0.483871 , -0.0007289 , 0.000280154 , -0.00621699
0.387097 , 0.483871 , -0.000755265 , 0.000218541 , -0.00470646
0.419355 , 0.483871 , -0.000775381 , 0.000156394 , -0.0031557
0.451613 , 0.483871 , -0.000789528 , 9.39389e-05 , -0.00157664
0.483871 , 0.483871 , -0.000797925 , 3.13286e-05 , 1.92053e-05
0.516129 , 0.483871 , -0.000800708 , -3.13286e-05 , 0.00162062
0.548387 , 0.483871 , -0.000797925 , -9.39389e-05 , 0.00321647
0.580645 , 0.483871 , -0.000789528 , -0.000156394 , 0.00479553
0.612903 , 0.483871 , -0.000775381 , -0.000218541 , 0.00634629
0.645161 , 0.483871 , -0.000755265 , -0.000280154 , 0.00785682
0.677419 , 0.483871 , -0.0007289 , -0.00034091 , 0.00931462
0.709677 , 0.483871 , -0.000695966 , -0.000400363 , 0.0107066
0.741935 , 0.483871 , -0.000656145 , -0.000457928 , 0.0120188
0.774194 , 0.483871 , -0.000609158 , -0.000512875 , 0.0132372
0.806452 , 0.483871 , -0.000554827 , -0.000564333 , 0.0143468
0.83871 , 0.483871 , -0.000493131 , -0.000611312 , 0.0153331
0.870968 , 0.483871 , -0.00042427 , -0.000652745 , 0.0161816
0.903226 , 0.483871 , -0.000348718 , -0.000687552 , 0.0168791
0.935484 , 0.483871 , -0.000267263 , -0.000714713 , 0.0174136
0.967742 , 0.483871 , -0.000181018 , -0.000733357 , 0.0177756
1 , 0.483871 , -9.13862e-05 , -0.000742848 , 0.0179584
1.03226 , 0.483871 , 0 , - , -
0 , 0.516129 , 0 , 0.000834234 , -0.017987
0.0322581 , 0.516129 , -0.000102632 , 0.000822989 , -0.0177818
0.0645161 , 0.516129 , -0.000203048 , 0.000800958 , -0.0173757
0.0967742 , 0.516129 , -0.000299215 , 0.000769006 , -0.0167772
0.129032 , 0.516129 , -0.000389426 , 0.000728297 , -0.0159984
0.16129 , 0.516129 , -0.000472394 , 0.000680173 , -0.0150536
0.193548 , 0.516129 , -0.000547276 , 0.000626029 , -0.013959
0.225806 , 0.516129 , -0.00061365 , 0.000567206 , -0.0127317
0.258065 , 0.516129 , -0.000671449 , 0.000504915 , -0.0113888
0.290323 , 0.516129 , -0.000720875 , 0.000440185 , -0.0099471
0.322581 , 0.516129 , -0.000762307 , 0.000373844 , -0.00842248
0.354839 , 0.516129 , -0.000796224 , 0.00030652 , -0.00683003
0.387097 , 0.516129 , -0.000823129 , 0.000238656 , -0.00518378
0.419355 , 0.516129 , -0.000843497 , 0.000170541 , -0.00349678
0.451613 , 0.516129 , -0.000857734 , 0.000102335 , -0.00178132
0.483871 , 0.516129 , -0.000866149 , 3.41118e-05 , -4.90182e-05
0.516129 , 0.516129 , -0.000868932 , -3.41118e-05 , 0.00168885
0.548387 , 0.516129 , -0.000866149 , -0.000102335 , 0.00342114
0.580645 , 0.516129 , -0.000857734 , -0.000170541 , 0.00513661
0.612903 , 0.516129 , -0.000843497 , -0.000238656 , 0.0068236
0.645161 , 0.516129 , -0.000823129 , -0.00030652 , 0.00846986
0.677419 , 0.516129 , -0.000796224 , -0.000373844 , 0.0100623
0.709677 , 0.516129 , -0.000762307 , -0.000440185 , 0.0115869
0.741935 , 0.516129 , -0.000720875 , -0.000504915 , 0.0130287
0.774194 , 0.516129 , -0.000671449 , -0.000567206 , 0.0143716
0.806452 , 0.516129 , -0.00061365 , -0.000626029 , 0.0155989
0.83871 , 0.516129 , -0.000547276 , -0.000680173 , 0.0166934
0.870968 , 0.516129 , -0.000472394 , -0.000728297 , 0.0176382
0.903226 , 0.516129 , -0.000389426 , -0.000769006 , 0.0184171
0.935484 , 0.516129 , -0.000299215 , -0.000800958 , 0.0190155
0.967742 , 0.516129 , -0.000203048 , -0.000822989 , 0.0194216
1 , 0.516129 , -0.000102632 , -0.000834234 , 0.0196269
1.03226 , 0.516129 , 0 , - , -
0 , 0.548387 , 0 , 0.000936866 , -0.0198608
0.0322581 , 0.548387 , -0.000116092 , 0.000923405 , -0.0196286
0.0645161 , 0.548387 , -0.000229328 , 0.000897125 , -0.0191699
0.0967742 , 0.548387 , -0.000337123 , 0.000859217 , -0.0184957
0.129032 , 0.548387 , -0.000437379 , 0.000811265 , -0.0176209
0.16129 , 0.548387 , -0.000528603 , 0.000755055 , -0.0165637
0.193548 , 0.548387 , -0.000609927 , 0.000692403 , -0.0153439
0.225806 , 0.548387 , -0.000681048 , 0.000625006 , -0.0139818
0.258065 , 0.548387 , -0.000742114 , 0.000554341 , -0.0124975
0.290323 , 0.548387 , -0.000793598 , 0.000481617 , -0.0109103
0.322581 , 0.548387 , -0.000836164 , 0.00040776 , -0.009238
0.354839 , 0.548387 , -0.00087056 , 0.000333424 , -0.00749688
0.387097 , 0.548387 , -0.000897528 , 0.000259024 , -0.00570183
0.419355 , 0.548387 , -0.000917743 , 0.000184778 , -0.00386634
0.451613 , 0.548387 , -0.000931762 , 0.00011075 , -0.00200282
0.483871 , 0.548387 , -0.000940003 , 3.6895e-05 , -0.000122808
0.516129 , 0.548387 , -0.000942722 , -3.6895e-05 , 0.00176264
0.548387 , 0.548387 , -0.000940003 , -0.00011075 , 0.00364264
0.580645 , 0.548387 , -0.000931762 , -0.000184778 , 0.00550617
0.612903 , 0.548387 , -0.000917743 , -0.000259024 , 0.00734165
0.645161 , 0.548387 , -0.000897528 , -0.000333424 , 0.00913671
0.677419 , 0.548387 , -0.00087056 , -0.00040776 , 0.0108778
0.709677 , 0.548387 , -0.000836164 , -0.000481617 , 0.0125502
0.741935 , 0.548387 , -0.000793598 , -0.000554341 , 0.0141374
0.774194 , 0.548387 , -0.000742114 , -0.000625006 , 0.0156216
0.806452 , 0.548387 , -0.000681048 , -0.000692403 , 0.0169837
0.83871 , 0.548387 , -0.000609927 , -0.000755055 , 0.0182035
0.870968 , 0.548387 , -0.000528603 , -0.000811265 , 0.0192607
0.903226 , 0.548387 , -0.000437379 , -0.000859217 , 0.0201355
0.935484 , 0.548387 , -0.000337123 , -0.000897125 , 0.0208097
0.967742 , 0.548387 , -0.000229328 , -0.000923405 , 0.0212684
1 , 0.548387 , -0.000116092 , -0.000936866 , 0.0215006
1.03226 , 0.548387 , 0 , - , -
0 , 0.580645 , 0 , 0.00105296 , -0.0219667
0.0322581 , 0.580645 , -0.000132408 , 0.00103664 , -0.0217019
0.0645161 , 0.580645 , -0.000261048 , 0.00100492 , -0.0211798
0.0967742 , 0.580645 , -0.00038257 , 0.000959474 , -0.0204146
0.129032 , 0.580645 , -0.000494365 , 0.000902488 , -0.0194259
0.16129 , 0.580645 , -0.000594713 , 0.000836379 , -0.0182365
0.193548 , 0.580645 , -0.000682782 , 0.000763524 , -0.0168709
0.225806 , 0.580645 , -0.000758499 , 0.000686072 , -0.0153539
0.258065 , 0.580645 , -0.000822362 , 0.000605825 , -0.0137092
0.290323 , 0.580645 , -0.00087524 , 0.000524183 , -0.0119587
0.322581 , 0.580645 , -0.000918192 , 0.000442156 , -0.0101223
0.354839 , 0.580645 , -0.000952324 , 0.000360393 , -0.00821767
0.387097 , 0.580645 , -0.000978682 , 0.000279239 , -0.0062603
0.419355 , 0.580645 , -0.000998184 , 0.000198798 , -0.00426394
0.451613 , 0.580645 , -0.00101157 , 0.000118991 , -0.0022408
0.483871 , 0.580645 , -0.00101938 , 3.96133e-05 , -0.000202035
0.516129 , 0.580645 , -0.00102195 , -3.96133e-05 , 0.00184186
0.548387 , 0.580645 , -0.00101938 , -0.000118991 , 0.00388062
0.580645 , 0.580645 , -0.00101157 , -0.000198798 , 0.00590376
0.612903 , 0.580645 , -0.000998184 , -0.000279239 , 0.00790013
0.645161 , 0.580645 , -0.000978682 , -0.000360393 , 0.00985749
0.677419 , 0.580645 , -0.000952324 , -0.000442156 , 0.0117621
0.709677 , 0.580645 , -0.000918192 , -0.000524183 , 0.0135985
0.741935 , 0.580645 , -0.00087524 , -0.000605825 , 0.015349
0.774194 , 0.580645 , -0.000822362 , -0.000686072 , 0.0169937
0.806452 , 0.580645 , -0.000758499 , -0.000763524 , 0.0185107
0.83871 , 0.580645 , -0.000682782 , -0.000836379 , 0.0198763
0.870968 , 0.580645 , -0.000594713 , -0.000902488 , 0.0210657
0.903226 , 0.580645 , -0.000494365 , -0.000959474 , 0.0220544
0.935484 , 0.580645 , -0.00038257 , -0.00100492 , 0.0228196
0.967742 , 0.580645 , -0.000261048 , -0.00103664 , 0.0233417
1 , 0.580645 , -0.000132408 , -0.00105296 , 0.0236065
1.03226 , 0.580645 , 0 , - , -
0 , 0.612903 , 0 , 0.00118537 , -0.0243374
0.0322581 , 0.612903 , -0.000152494 , 0.00116528 , -0.0240324
0.0645161 , 0.612903 , -0.000299885 , 0.00112644 , -0.0234326
0.0967742 , 0.612903 , -0.000437745 , 0.00107127 , -0.0225572
0.129032 , 0.612903 , -0.000562796 , 0.00100284 , -0.0214316
0.16129 , 0.612903 , -0.000673102 , 0.000924448 , -0.0200854
0.193548 , 0.612903 , -0.00076799 , 0.000839241 , -0.0185494
0.225806 , 0.612903 , -0.000847805 , 0.000749935 , -0.0168538
0.258065 , 0.612903 , -0.000913595 , 0.000658702 , -0.0150266
0.290323 , 0.612903 , -0.000966807 , 0.000567135 , -0.013093
0.322581 , 0.612903 , -0.00100904 , 0.000476288 , -0.0110749
0.354839 , 0.612903 , -0.00104186 , 0.000386751 , -0.00899117
0.387097 , 0.612903 , -0.00106669 , 0.00029874 , -0.00685778
0.419355 , 0.612903 , -0.00108474 , 0.000212184 , -0.0046883
0.451613 , 0.612903 , -0.00109695 , 0.000126803 , -0.0024944
0.483871 , 0.612903 , -0.001104 , 4.21806e-05 , -0.000286396
0.516129 , 0.612903 , -0.00110631 , -4.21806e-05 , 0.00192622
0.548387 , 0.612903 , -0.001104 , -0.000126803 , 0.00413423
0.580645 , 0.612903 , -0.00109695 , -0.000212184 , 0.00632813
0.612903 , 0.612903 , -0.00108474 , -0.00029874 , 0.00849761
0.645161 , 0.612903 , -0.00106669 , -0.000386751 , 0.010631
0.677419 , 0.612903 , -0.00104186 , -0.000476288 , 0.0127147
0.709677 , 0.612903 , -0.00100904 , -0.000567135 , 0.0147328
0.741935 , 0.612903 , -0.000966807 , -0.000658702 , 0.0166664
0.774194 , 0.612903 , -0.000913595 , -0.000749935 , 0.0184936
0.806452 , 0.612903 , -0.000847805 , -0.000839241 , 0.0201892
0.83871 , 0.612903 , -0.00076799 , -0.000924448 , 0.0217252
0.870968 , 0.612903 , -0.000673102 , -0.00100284 , 0.0230714
0.903226 , 0.612903 , -0.000562796 , -0.00107127 , 0.024197
0.935484 , 0.612903 , -0.000437745 , -0.00112644 , 0.0250725
0.967742 , 0.612903 , -0.000299885 , -0.00116528 , 0.0256722
1 , 0.612903 , -0.000152494 , -0.00118537 , 0.0259772
1.03226 , 0.612903 , 0 , - , -
0 , 0.645161 , 0 , 0.00133786 , -0.0270131
0.0322581 , 0.645161 , -0.000177682 , 0.00131267 , -0.0266578
0.0645161 , 0.645161 , -0.000348254 , 0.0012643 , -0.0259613
0.0967742 , 0.645161 , -0.000505729 , 0.00119632 , -0.0249498
0.129032 , 0.645161 , -0.000645973 , 0.00111314 , -0.0236578
0.16129 , 0.645161 , -0.000766908 , 0.00101934 , -0.022124
0.193548 , 0.645161 , -0.00086827 , 0.000919056 , -0.0203875
0.225806 , 0.645161 , -0.000951136 , 0.000815725 , -0.0184852
0.258065 , 0.645161 , -0.00101741 , 0.000711914 , -0.0164504
0.290323 , 0.645161 , -0.00106935 , 0.000609367 , -0.0143117
0.322581 , 0.645161 , -0.0011093 , 0.00050911 , -0.0120931
0.354839 , 0.645161 , -0.00113939 , 0.000411584 , -0.00981434
0.387097 , 0.645161 , -0.00116149 , 0.000316787 , -0.00749136
0.419355 , 0.645161 , -0.00117713 , 0.000224393 , -0.00513709
0.451613 , 0.645161 , -0.00118749 , 0.000133857 , -0.00276212
0.483871 , 0.645161 , -0.00119337 , 4.44865e-05 , -0.000375369
0.516129 , 0.645161 , -0.00119528 , -4.44865e-05 , 0.0020152
0.548387 , 0.645161 , -0.00119337 , -0.000133857 , 0.00440194
0.580645 , 0.645161 , -0.00118749 , -0.000224393 , 0.00677692
0.612903 , 0.645161 , -0.00117713 , -0.000316787 , 0.00913118
0.645161 , 0.645161 , -0.00116149 , -0.000411584 , 0.0114542
0.677419 , 0.645161 , -0.00113939 , -0.00050911 , 0.0137329
0.709677 , 0.645161 , -0.0011093 , -0.000609367 , 0.0159515
0.741935 , 0.645161 , -0.00106935 , -0.000711914 , 0.0180902
0.774194 , 0.645161 , -0.00101741 , -0.000815725 , 0.020125
0.806452 , 0.645161 , -0.000951136 , -0.000919056 , 0.0220273
0.83871 , 0.645161 , -0.00086827 , -0.00101934 , 0.0237639
0.870968 , 0.645161 , -0.000766908 , -0.00111314 , 0.0252977
0.903226 , 0.645161 , -0.000645973 , -0.00119632 , 0.0265896
0.935484 , 0.645161 , -0.000505729 , -0.0012643 , 0.0276011
0.967742 , 0.645161 , -0.000348254 , -0.00131267 , 0.0282976
1 , 0.645161 , -0.000177682 , -0.00133786 , 0.028653
1.03226 , 0.645161 , 0 , - , -
0 , 0.677419 , 0 , 0.00151554 , -0.0300442
0.0322581 , 0.677419 , -0.000209979 , 0.00148324 , -0.0296242
0.0645161 , 0.677419 , -0.000409721 , 0.00142178 , -0.0288048
0.0967742 , 0.677419 , -0.000590944 , 0.00133656 , -0.0276229
0.129032 , 0.677419 , -0.000748459 , 0.00123408 , -0.026126
0.16129 , 0.677419 , -0.000880287 , 0.0011207 , -0.0243654
0.193548 , 0.677419 , -0.000987045 , 0.00100192 , -0.0223913
0.225806 , 0.677419 , -0.00107106 , 0.000881995 , -0.0202492
0.258065 , 0.677419 , -0.00113554 , 0.000763861 , -0.0179781
0.290323 , 0.677419 , -0.0011839 , 0.00064931 , -0.0156103
0.322581 , 0.677419 , -0.00121941 , 0.000539201 , -0.0131715
0.354839 , 0.677419 , -0.0012449 , 0.000433688 , -0.0106817
0.387097 , 0.677419 , -0.00126275 , 0.000332429 , -0.00815621
0.419355 , 0.677419 , -0.00127482 , 0.000234747 , -0.00560658
0.451613 , 0.677419 , -0.00128249 , 0.000139744 , -0.00304161
0.483871 , 0.677419 , -0.00128672 , 4.63953e-05 , -0.00046816
0.516129 , 0.677419 , -0.00128807 , -4.63953e-05 , 0.00210799
0.548387 , 0.677419 , -0.00128672 , -0.000139744 , 0.00468143
0.580645 , 0.677419 , -0.00128249 , -0.000234747 , 0.00724641
0.612903 , 0.677419 , -0.00127482 , -0.000332429 , 0.00979604
0.645161 , 0.677419 , -0.00126275 , -0.000433688 , 0.0123215
0.677419 , 0.677419 , -0.0012449 , -0.000539201 , 0.0148113
0.709677 , 0.677419 , -0.00121941 , -0.00064931 , 0.0172502
0.741935 , 0.677419 , -0.0011839 , -0.000763861 , 0.019618
0.774194 , 0.677419 , -0.00113554 , -0.000881995 , 0.021889
0.806452 , 0.677419 , -0.00107106 , -0.00100192 , 0.0240312
0.83871 , 0.677419 , -0.000987045 , -0.0011207 , 0.0260053
0.870968 , 0.677419 , -0.000880287 , -0.00123408 , 0.0277658
0.903226 , 0.677419 , -0.000748459 , -0.00133656 , 0.0292627
0.935484 , 0.677419 , -0.000590944 , -0.00142178 , 0.0304446
0.967742 , 0.677419 , -0.000409721 , -0.00148324 , 0.0312641
1 , 0.677419 , -0.000209979 , -0.00151554 , 0.031684
1.03226 , 0.677419 , 0 , - , -
0 , 0.709677 , 0 , 0.00172552 , -0.0334953
0.0322581 , 0.709677 , -0.000252514 , 0.00168299 , -0.0329902
0.0645161 , 0.709677 , -0.000489708 , 0.001603 , -0.0320108
0.0967742 , 0.709677 , -0.000699865 , 0.00149408 , -0.0306111
0.129032 , 0.709677 , -0.000876632 , 0.0013659 , -0.0288578
0.16129 , 0.709677 , -0.00101873 , 0.00122746 , -0.0268203
0.193548 , 0.709677 , -0.00112856 , 0.00108594 , -0.0245632
0.225806 , 0.709677 , -0.00121053 , 0.000946471 , -0.0221422
0.258065 , 0.709677 , -0.00126979 , 0.000812224 , -0.0196026
0.290323 , 0.709677 , -0.00131131 , 0.000684813 , -0.0169799
0.322581 , 0.709677 , -0.00133952 , 0.000564695 , -0.0143009
0.354839 , 0.709677 , -0.00135806 , 0.000451537 , -0.0115848
0.387097 , 0.709677 , -0.00136979 , 0.000344496 , -0.00884521
0.419355 , 0.709677 , -0.00137689 , 0.00024242 , -0.00609142
0.451613 , 0.709677 , -0.00138093 , 0.000143978 , -0.00332956
0.483871 , 0.709677 , -0.00138295 , 4.77457e-05 , -0.000563651
0.516129 , 0.709677 , -0.00138356 , -4.77457e-05 , 0.00220348
0.548387 , 0.709677 , -0.00138295 , -0.000143978 , 0.00496939
0.580645 , 0.709677 , -0.00138093 , -0.00024242 , 0.00773125
0.612903 , 0.709677 , -0.00137689 , -0.000344496 , 0.010485
0.645161 , 0.709677 , -0.00136979 , -0.000451537 , 0.0132246
0.677419 , 0.709677 , -0.00135806 , -0.000564695 , 0.0159407
0.709677 , 0.709677 , -0.00133952 , -0.000684813 , 0.0186198
0.741935 , 0.709677 , -0.00131131 , -0.000812224 , 0.0212424
0.774194 , 0.709677 , -0.00126979 , -0.000946471 , 0.023782
0.806452 , 0.709677 , -0.00121053 , -0.00108594 , 0.026203
0.83871 , 0.709677 , -0.00112856 , -0.00122746 , 0.0284602
0.870968 , 0.709677 , -0.00101873 , -0.0013659 , 0.0304976
0.903226 , 0.709677 , -0.000876632 , -0.00149408 , 0.0322509
0.935484 , 0.709677 , -0.000699865 , -0.001603 , 0.0336506
0.967742 , 0.709677 , -0.000489708 , -0.00168299 , 0.03463
1 , 0.709677 , -0.000252514 , -0.00172552 , 0.0351351
1.03226 , 0.709677 , 0 , - , -
0 , 0.741935 , 0 , 0.00197804 , -0.0374513
0.0322581 , 0.741935 , -0.00031037 , 0.00192018 , -0.0368306
0.0645161 , 0.741935 , -0.00059673 , 0.00181316 , -0.0356371
0.0967742 , 0.741935 , -0.000842178 , 0.00167084 , -0.0339528
0.129032 , 0.741935 , -0.00103947 , 0.00150801 , -0.0318738
0.16129 , 0.741935 , -0.00118946 , 0.00133728 , -0.0294949
0.193548 , 0.741935 , -0.00129793 , 0.00116791 , -0.026899
0.225806 , 0.741935 , -0.00137272 , 0.00100572 , -0.0241536
0.258065 , 0.741935 , -0.00142176 , 0.000853753 , -0.0213101
0.290323 , 0.741935 , -0.00145205 , 0.000713022 , -0.018406
0.322581 , 0.741935 , -0.00146932 , 0.000583228 , -0.0154674
0.354839 , 0.741935 , -0.00147802 , 0.000463268 , -0.0125113
0.387097 , 0.741935 , -0.00148146 , 0.000351598 , -0.0095484
0.419355 , 0.741935 , -0.00148203 , 0.000246459 , -0.00658434
0.451613 , 0.741935 , -0.00148139 , 0.000146002 , -0.00362157
0.483871 , 0.741935 , -0.0014806 , 4.83554e-05 , -0.000660362
0.516129 , 0.741935 , -0.00148028 , -4.83554e-05 , 0.00230019
0.548387 , 0.741935 , -0.0014806 , -0.000146002 , 0.00526139
0.580645 , 0.741935 , -0.00148139 , -0.000246459 , 0.00822417
0.612903 , 0.741935 , -0.00148203 , -0.000351598 , 0.0111882
0.645161 , 0.741935 , -0.00148146 , -0.000463268 , 0.0141511
0.677419 , 0.741935 , -0.00147802 , -0.000583228 , 0.0171072
0.709677 , 0.741935 , -0.00146932 , -0.000713022 , 0.0200458
0.741935 , 0.741935 , -0.00145205 , -0.000853753 , 0.0229499
0.774194 , 0.741935 , -0.00142176 , -0.00100572 , 0.0257934
0.806452 , 0.741935 , -0.00137272 , -0.00116791 , 0.0285389
0.83871 , 0.741935 , -0.00129793 , -0.00133728 , 0.0311347
0.870968 , 0.741935 , -0.00118946 , -0.00150801 , 0.0335137
0.903226 , 0.741935 , -0.00103947 , -0.00167084 , 0.0355926
0.935484 , 0.741935 , -0.000842178 , -0.00181316 , 0.0372769
0.967742 , 0.741935 , -0.00059673 , -0.00192018 , 0.0384704
1 , 0.741935 , -0.00031037 , -0.00197804 , 0.0390911
1.03226 , 0.741935 , 0 , - , -
0 , 0.774194 , 0 , 0.00228841 , -0.0420281
0.0322581 , 0.774194 , -0.000392236 , 0.00220654 , -0.0412437
0.0645161 , 0.774194 , -0.000744664 , 0.00205861 , -0.0397543
0.0967742 , 0.774194 , -0.00103265 , 0.00186814 , -0.037689
0.129032 , 0.774194 , -0.00124961 , 0.001658 , -0.0351898
0.16129 , 0.774194 , -0.00140169 , 0.00144576 , -0.0323864
0.193548 , 0.774194 , -0.00150099 , 0.0012427 , -0.0293845
0.225806 , 0.774194 , -0.00156067 , 0.00105476 , -0.0262631
0.258065 , 0.774194 , -0.00159247 , 0.000884041 , -0.0230782
0.290323 , 0.774194 , -0.00160579 , 0.000730295 , -0.0198666
0.322581 , 0.774194 , -0.00160768 , 0.000591928 , -0.0166512
0.354839 , 0.774194 , -0.00160324 , 0.00046671 , -0.0134447
0.387097 , 0.774194 , -0.001596 , 0.00035217 , -0.0102527
0.419355 , 0.774194 , -0.00158839 , 0.000245815 , -0.00707597
0.451613 , 0.774194 , -0.00158199 , 0.000145216 , -0.003912
0.483871 , 0.774194 , -0.00157779 , 4.8029e-05 , -0.00075642
0.516129 , 0.774194 , -0.00157633 , -4.8029e-05 , 0.00239625
0.548387 , 0.774194 , -0.00157779 , -0.000145216 , 0.00555182
0.580645 , 0.774194 , -0.00158199 , -0.000245815 , 0.0087158
0.612903 , 0.774194 , -0.00158839 , -0.00035217 , 0.0118926
0.645161 , 0.774194 , -0.001596 , -0.00046671 , 0.0150846
0.677419 , 0.774194 , -0.00160324 , -0.000591928 , 0.018291
0.709677 , 0.774194 , -0.00160768 , -0.000730295 , 0.0215064
0.741935 , 0.774194 , -0.00160579 , -0.000884041 , 0.024718
0.774194 , 0.774194 , -0.00159247 , -0.00105476 , 0.0279029
0.806452 , 0.774194 , -0.00156067 , -0.0012427 , 0.0310243
0.83871 , 0.774194 , -0.00150099 , -0.00144576 , 0.0340263
0.870968 , 0.774194 , -0.00140169 , -0.001658 , 0.0368296
0.903226 , 0.774194 , -0.00124961 , -0.00186814 , 0.0393289
0.935484 , 0.774194 , -0.00103265 , -0.00205861 , 0.0413942
0.967742 , 0.774194 , -0.000744664 , -0.00220654 , 0.0428835
1 , 0.774194 , -0.000392236 , -0.00228841 , 0.043668
1.03226 , 0.774194 , 0 , - , -
0 , 0.806452 , 0 , 0.00268064 , -0.0473894
0.0322581 , 0.806452 , -0.000513909 , 0.00255897 , -0.0463616
0.0645161 , 0.806452 , -0.000957044 , 0.00234659 , -0.0444475
0.0967742 , 0.806452 , -0.00129414 , 0.0020851 , -0.0418592
0.129032 , 0.806452 , -0.00152463 , 0.00181008 , -0.03881
0.16129 , 0.806452 , -0.00166672 , 0.00154505 , -0.0354765
0.193548 , 0.806452 , -0.00174365 , 0.00130239 , -0.0319892
0.225806 , 0.806452 , -0.0017765 , 0.00108656 , -0.0284362
0.258065 , 0.806452 , -0.00178167 , 0.000897359 , -0.0248729
0.290323 , 0.806452 , -0.00177096 , 0.000732188 , -0.021331
0.322581 , 0.806452 , -0.00175239 , 0.000587481 , -0.0178262
0.354839 , 0.806452 , -0.00173125 , 0.000459472 , -0.0143637
0.387097 , 0.806452 , -0.00171092 , 0.000344556 , -0.0109419
0.419355 , 0.806452 , -0.00169353 , 0.000239415 , -0.0075548
0.451613 , 0.806452 , -0.00168038 , 0.000141019 , -0.00419404
0.483871 , 0.806452 , -0.00167224 , 4.65731e-05 , -0.000849566
0.516129 , 0.806452 , -0.00166948 , -4.65731e-05 , 0.00248939
0.548387 , 0.806452 , -0.00167224 , -0.000141019 , 0.00583386
0.580645 , 0.806452 , -0.00168038 , -0.000239415 , 0.00919463
0.612903 , 0.806452 , -0.00169353 , -0.000344556 , 0.0125817
0.645161 , 0.806452 , -0.00171092 , -0.000459472 , 0.0160035
0.677419 , 0.806452 , -0.00173125 , -0.000587481 , 0.019466
0.709677 , 0.806452 , -0.00175239 , -0.000732188 , 0.0229708
0.741935 , 0.806452 , -0.00177096 , -0.000897359 , 0.0265127
0.774194 , 0.806452 , -0.00178167 , -0.00108656 , 0.0300761
0.806452 , 0.806452 , -0.0017765 , -0.00130239 , 0.0336291
0.83871 , 0.806452 , -0.00174365 , -0.00154505 , 0.0371164
0.870968 , 0.806452 , -0.00166672 , -0.00181008 , 0.0404498
0.903226 , 0.806452 , -0.00152463 , -0.0020851 , 0.0434991
0.935484 , 0.806452 , -0.00129414 , -0.00234659 , 0.0460873
0.967742 , 0.806452 , -0.000957044 , -0.00255897 , 0.0480014
1 , 0.806452 , -0.000513909 , -0.00268064 , 0.0490292
1.03226 , 0.806452 , 0 , - , -
0 , 0.83871 , 0 , 0.00319455 , -0.0537785
0.0322581 , 0.83871 , -0.000706355 , 0.0030021 , -0.0523658
0.0645161 , 0.83871 , -0.00127546 , 0.00268368 , -0.0498149
0.0967742 , 0.83871 , -0.00166223 , 0.00231559 , -0.0464904
0.129032 , 0.83871 , -0.00188806 , 0.00195216 , -0.0427143
0.16129 , 0.83871 , -0.00199689 , 0.00162199 , -0.0387205
0.193548 , 0.83871 , -0.00203041 , 0.00133523 , -0.0346597
0.225806 , 0.83871 , -0.00201999 , 0.00109174 , -0.0306197
0.258065 , 0.83871 , -0.00198676 , 0.000886648 , -0.0266462
0.290323 , 0.83871 , -0.00194399 , 0.000713617 , -0.0227582
0.322581 , 0.83871 , -0.00189967 , 0.000566335 , -0.0189588
0.354839 , 0.83871 , -0.00185844 , 0.000439142 , -0.015242
0.387097 , 0.83871 , -0.00182289 , 0.000327169 , -0.0115962
0.419355 , 0.83871 , -0.00179443 , 0.000226269 , -0.00800734
0.451613 , 0.83871 , -0.00177378 , 0.000132873 , -0.00445978
0.483871 , 0.83871 , -0.00176129 , 4.38174e-05 , -0.000937201
0.516129 , 0.83871 , -0.00175711 , -4.38174e-05 , 0.00257703
0.548387 , 0.83871 , -0.00176129 , -0.000132873 , 0.00609961
0.580645 , 0.83871 , -0.00177378 , -0.000226269 , 0.00964717
0.612903 , 0.83871 , -0.00179443 , -0.000327169 , 0.013236
0.645161 , 0.83871 , -0.00182289 , -0.000439142 , 0.0168818
0.677419 , 0.83871 , -0.00185844 , -0.000566335 , 0.0205987
0.709677 , 0.83871 , -0.00189967 , -0.000713617 , 0.024398
0.741935 , 0.83871 , -0.00194399 , -0.000886648 , 0.028286
0.774194 , 0.83871 , -0.00198676 , -0.00109174 , 0.0322595
0.806452 , 0.83871 , -0.00201999 , -0.00133523 , 0.0362995
0.83871 , 0.83871 , -0.00203041 , -0.00162199 , 0.0403603
0.870968 , 0.83871 , -0.00199689 , -0.00195216 , 0.0443541
0.903226 , 0.83871 , -0.00188806 , -0.00231559 , 0.0481302
0.935484 , 0.83871 , -0.00166223 , -0.00268368 , 0.0514547
0.967742 , 0.83871 , -0.00127546 , -0.0030021 , 0.0540056
1 , 0.83871 , -0.000706355 , -0.00319455 , 0.0554183
1.03226 , 0.83871 , 0 , - , -
0 , 0.870968 , 0 , 0.0039009 , -0.0615803
0.0322581 , 0.870968 , -0.00103605 , 0.00357121 , -0.0595082
0.0645161 , 0.870968 , -0.00177623 , 0.00307045 , -0.0559558
0.0967742 , 0.870968 , -0.00219126 , 0.00254142 , -0.0515733
0.129032 , 0.870968 , -0.00236848 , 0.002061 , -0.0468363
0.16129 , 0.870968 , -0.00240239 , 0.0016555 , -0.0420315
0.193548 , 0.870968 , -0.00236109 , 0.00132482 , -0.0373093
0.225806 , 0.870968 , -0.00228631 , 0.0010585 , -0.0327367
0.258065 , 0.870968 , -0.00220139 , 0.000843878 , -0.0283339
0.290323 , 0.870968 , -0.00211858 , 0.000669297 , -0.0240968
0.322581 , 0.870968 , -0.00204387 , 0.000525099 , -0.020009
0.354839 , 0.870968 , -0.00197995 , 0.000403592 , -0.0160492
0.387097 , 0.870968 , -0.00192777 , 0.000298708 , -0.0121936
0.419355 , 0.870968 , -0.00188751 , 0.00020562 , -0.00841858
0.451613 , 0.870968 , -0.00185901 , 0.000120385 , -0.00470055
0.483871 , 0.870968 , -0.00184203 , 3.96412e-05 , -0.00101648
0.516129 , 0.870968 , -0.0018364 , -3.96412e-05 , 0.00265631
0.548387 , 0.870968 , -0.00184203 , -0.000120385 , 0.00634038
0.580645 , 0.870968 , -0.00185901 , -0.00020562 , 0.0100584
0.612903 , 0.870968 , -0.00188751 , -0.000298708 , 0.0138334
0.645161 , 0.870968 , -0.00192777 , -0.000403592 , 0.017689
0.677419 , 0.870968 , -0.00197995 , -0.000525099 , 0.0216489
0.709677 , 0.870968 , -0.00204387 , -0.000669297 , 0.0257366
0.741935 , 0.870968 , -0.00211858 , -0.000843878 , 0.0299738
0.774194 , 0.870968 , -0.00220139 , -0.0010585 , 0.0343765
0.806452 , 0.870968 , -0.00228631 , -0.00132482 , 0.0389492
0.83871 , 0.870968 , -0.00236109 , -0.0016555 , 0.0436713
0.870968 , 0.870968 , -0.00240239 , -0.002061 , 0.0484761
0.903226 , 0.870968 , -0.00236848 , -0.00254142 , 0.0532131
0.935484 , 0.870968 , -0.00219126 , -0.00307045 , 0.0575956
0.967742 , 0.870968 , -0.00177623 , -0.00357121 , 0.0611481
1 , 0.870968 , -0.00103605 , -0.0039009 , 0.0632202
1.03226 , 0.870968 , 0 , - , -
0 , 0.903226 , 0 , 0.00493695 , -0.0714542
0.0322581 , 0.903226 , -0.00166161 , 0.00431139 , -0.068131
0.0645161 , 0.903226 , -0.00260213 , 0.00348548 , -0.0629267
0.0967742 , 0.903226 , -0.0029581 , 0.00271864 , -0.0570105
0.129032 , 0.903226 , -0.00299221 , 0.00209491 , -0.0510261
0.16129 , 0.903226 , -0.00288309 , 0.00161421 , -0.0452599
0.193548 , 0.903226 , -0.00272526 , 0.00125004 , -0.0398094
0.225806 , 0.903226 , -0.00256276 , 0.000973585 , -0.0346839
0.258065 , 0.903226 , -0.00241391 , 0.000761064 , -0.0298561
0.290323 , 0.903226 , -0.00228505 , 0.000594592 , -0.025286
0.322581 , 0.903226 , -0.00217729 , 0.000461174 , -0.0209314
0.354839 , 0.903226 , -0.0020897 , 0.000351417 , -0.016752
0.387097 , 0.903226 , -0.00202074 , 0.00025845 , -0.0127105
0.419355 , 0.903226 , -0.00196885 , 0.00017712 , -0.00877282
0.451613 , 0.903226 , -0.00193273 , 0.000103406 , -0.00490736
0.483871 , 0.903226 , -0.00191144 , 3.40035e-05 , -0.00108449
0.516129 , 0.903226 , -0.0019044 , -3.40035e-05 , 0.00272432
0.548387 , 0.903226 , -0.00191144 , -0.000103406 , 0.00654719
0.580645 , 0.903226 , -0.00193273 , -0.00017712 , 0.0104126
0.612903 , 0.903226 , -0.00196885 , -0.00025845 , 0.0143503
0.645161 , 0.903226 , -0.00202074 , -0.000351417 , 0.0183918
0.677419 , 0.903226 , -0.0020897 , -0.000461174 , 0.0225712
0.709677 , 0.903226 , -0.00217729 , -0.000594592 , 0.0269258
0.741935 , 0.903226 , -0.00228505 , -0.000761064 , 0.0314959
0.774194 , 0.903226 , -0.00241391 , -0.000973585 , 0.0363237
0.806452 , 0.903226 , -0.00256276 , -0.00125004 , 0.0414492
0.83871 , 0.903226 , -0.00272526 , -0.00161421 , 0.0468998
0.870968 , 0.903226 , -0.00288309 , -0.00209491 , 0.0526659
0.903226 , 0.903226 , -0.00299221 , -0.00271864 , 0.0586504
0.935484 , 0.903226 , -0.0029581 , -0.00348548 , 0.0645666
0.967742 , 0.903226 , -0.00260213 , -0.00431139 , 0.0697708
1 , 0.903226 , -0.00166161 , -0.00493695 , 0.0730941
1.03226 , 0.903226 , 0 , - , -
0 , 0.935484 , 0 , 0.00659857 , -0.0846514
0.0322581 , 0.935484 , -0.00300828 , 0.0052519 , -0.0786348
0.0645161 , 0.935484 , -0.00401259 , 0.00384145 , -0.0706096
0.0967742 , 0.935484 , -0.00404679 , 0.00275276 , -0.0625161
0.129032 , 0.935484 , -0.00375918 , 0.00198579 , -0.0549977
0.16129 , 0.935484 , -0.00341249 , 0.00145638 , -0.0481727
0.193548 , 0.935484 , -0.00309411 , 0.00108753 , -0.0419845
0.225806 , 0.935484 , -0.00282556 , 0.000824734 , -0.0363334
0.258065 , 0.935484 , -0.00260644 , 0.000632201 , -0.0311205
0.290323 , 0.935484 , -0.00243041 , 0.000486834 , -0.0262596
0.322581 , 0.935484 , -0.00229053 , 0.000373588 , -0.0216786
0.354839 , 0.935484 , -0.00218084 , 0.000282453 , -0.0173169
0.387097 , 0.935484 , -0.00209663 , 0.000206557 , -0.0131236
0.419355 , 0.935484 , -0.0020344 , 0.000141001 , -0.00905482
0.451613 , 0.935484 , -0.00199161 , 8.21158e-05 , -0.0050716
0.483871 , 0.935484 , -0.00196658 , 2.69702e-05 , -0.00113843
0.516129 , 0.935484 , -0.00195834 , -2.69702e-05 , 0.00277826
0.548387 , 0.935484 , -0.00196658 , -8.21158e-05 , 0.00671142
0.580645 , 0.935484 , -0.00199161 , -0.000141001 , 0.0106946
0.612903 , 0.935484 , -0.0020344 , -0.000206557 , 0.0147634
0.645161 , 0.935484 , -0.00209663 , -0.000282453 , 0.0189567
0.677419 , 0.935484 , -0.00218084 , -0.000373588 , 0.0233184
0.709677 , 0.935484 , -0.00229053 , -0.000486834 , 0.0278995
0.741935 , 0.935484 , -0.00243041 , -0.000632201 , 0.0327603
0.774194 , 0.935484 , -0.00260644 , -0.000824734 , 0.0379732
0.806452 , 0.935484 , -0.00282556 , -0.00108753 , 0.0436243
0.83871 , 0.935484 , -0.00309411 , -0.00145638 , 0.0498125
0.870968 , 0.935484 , -0.00341249 , -0.00198579 , 0.0566375
0.903226 , 0.935484 , -0.00375918 , -0.00275276 , 0.0641559
0.935484 , 0.935484 , -0.00404679 , -0.00384145 , 0.0722495
0.967742 , 0.935484 , -0.00401259 , -0.0052519 , 0.0802746
1 , 0.935484 , -0.00300828 , -0.00659857 , 0.0862912
1.03226 , 0.935484 , 0 , - , -
0 , 0.967742 , 0 , 0.00960685 , -0.103865
0.0322581 , 0.967742 , -0.00635892 , 0.00625621 , -0.0911472
0.0645161 , 0.967742 , -0.00639315 , 0.00387565 , -0.0783609
0.0967742 , 0.967742 , -0.00545729 , 0.00246515 , -0.0674464
0.129032 , 0.967742 , -0.00458524 , 0.00163909 , -0.0582759
0.16129 , 0.967742 , -0.00391358 , 0.001138 , -0.0504487
0.193548 , 0.967742 , -0.00341313 , 0.000818983 , -0.0436224
0.225806 , 0.967742 , -0.00303893 , 0.000605617 , -0.0375446
0.258065 , 0.967742 , -0.00275589 , 0.000456171 , -0.0320328
0.290323 , 0.967742 , -0.00253963 , 0.000346953 , -0.0269535
0.322581 , 0.967742 , -0.00237359 , 0.000263893 , -0.0222064
0.354839 , 0.967742 , -0.00224648 , 0.000198249 , -0.0177134
0.387097 , 0.967742 , -0.00215056 , 0.000144323 , -0.0134123
0.419355 , 0.967742 , -0.00208051 , 9.8213e-05 , -0.00925125
0.451613 , 0.967742 , -0.00203274 , 5.70858e-05 , -0.00518577
0.483871 , 0.967742 , -0.00200494 , 1.87318e-05 , -0.00117589
0.516129 , 0.967742 , -0.00199581 , -1.87318e-05 , 0.00281572
0.548387 , 0.967742 , -0.00200494 , -5.70858e-05 , 0.00682559
0.580645 , 0.967742 , -0.00203274 , -9.8213e-05 , 0.0108911
0.612903 , 0.967742 , -0.00208051 , -0.000144323 , 0.0150521
0.645161 , 0.967742 , -0.00215056 , -0.000198249 , 0.0193532
0.677419 , 0.967742 , -0.00224648 , -0.000263893 , 0.0238462
0.709677 , 0.967742 , -0.00237359 , -0.000346953 , 0.0285934
0.741935 , 0.967742 , -0.00253963 , -0.000456171 , 0.0336726
0.774194 , 0.967742 , -0.00275589 , -0.000605617 , 0.0391844
0.806452 , 0.967742 , -0.00303893 , -0.000818983 , 0.0452623
0.83871 , 0.967742 , -0.00341313 , -0.001138 , 0.0520885
0.870968 , 0.967742 , -0.00391358 , -0.00163909 , 0.0599157
0.903226 , 0.967742 , -0.00458524 , -0.00246515 , 0.0690862
0.935484 , 0.967742 , -0.00545729 , -0.00387565 , 0.0800008
0.967742 , 0.967742 , -0.00639315 , -0.00625621 , 0.0927871
1 , 0.967742 , -0.00635892 , -0.00960685 , 0.105505
1.03226 , 0.967742 , 0 , - , -
0 , 1 , 0 , 0.0159658 , -0.135797
0.0322581 , 1 , 0.0159658 , 0.00629044 , -0.103728
0.0645161 , 1 , 0.0222562 , 0.0029398 , -0.0842405
0.0967742 , 1 , 0.025196 , 0.0015931 , -0.0706325
0.129032 , 1 , 0.0267891 , 0.000967436 , -0.0602107
0.16129 , 1 , 0.0277565 , 0.000637555 , -0.0517238
0.193548 , 1 , 0.0283941 , 0.000444779 , -0.044512
0.225806 , 1 , 0.0288389 , 0.000322578 , -0.0381897
0.258065 , 1 , 0.0291614 , 0.000239916 , -0.0325126
0.290323 , 1 , 0.0294014 , 0.000180913 , -0.0273154
0.322581 , 1 , 0.0295823 , 0.000136783 , -0.0224799
0.354839 , 1 , 0.0297191 , 0.000102326 , -0.017918
0.387097 , 1 , 0.0298214 , 7.42728e-05 , -0.0135608
0.419355 , 1 , 0.0298957 , 5.04421e-05 , -0.00935213
0.451613 , 1 , 0.0299461 , 2.92827e-05 , -0.00524433
0.483871 , 1 , 0.0299754 , 9.6029e-06 , -0.0011951
0.516129 , 1 , 0.029985 , -9.6029e-06 , 0.00283493
0.548387 , 1 , 0.0299754 , -2.92827e-05 , 0.00688416
0.580645 , 1 , 0.0299461 , -5.04421e-05 , 0.010992
0.612903 , 1 , 0.0298957 , -7.42728e-05 , 0.0152006
0.645161 , 1 , 0.0298214 , -0.000102326 , 0.0195579
0.677419 , 1 , 0.0297191 , -0.000136783 , 0.0241197
0.709677 , 1 , 0.0295823 , -0.000180913 , 0.0289552
0.741935 , 1 , 0.0294014 , -0.000239916 , 0.0341525
0.774194 , 1 , 0.0291614 , -0.000322578 , 0.0398296
0.806452 , 1 , 0.0288389 , -0.000444779 , 0.0461518
0.83871 , 1 , 0.0283941 , -0.000637555 , 0.0533636
0.870968 , 1 , 0.0277565 , -0.000967436 , 0.0618506
0.903226 , 1 , 0.0267891 , -0.0015931 , 0.0722724
0.935484 , 1 , 0.025196 , -0.0029398 , 0.0858804
0.967742 , 1 , 0.0222562 , -0.00629044 , 0.105368
1 , 1 , 0.0159658 , -0.0159658 , 0.137436
1.03226 , 1 , 0 , - , -
0 , 1.03226 , - , 0 , -
0.0322581 , 1.03226 , - , 0 , -
0.0645161 , 1.03226 , - , 0 , -
0.0967742 , 1.03226 , - , 0 , -
0.129032 , 1.03226 , - , 0 , -
0.16129 , 1.03226 , - , 0 , -
0.193548 , 1.03226 , - , 0 , -
0.225806 , 1.03226 , - , 0 , -
0.258065 , 1.03226 , - , 0 , -
0.290323 , 1.03226 , - , 0 , -
0.322581 , 1.03226 , - , 0 , -
0.354839 , 1.03226 , - , 0 , -
0.387097 , 1.03226 , - , 0 , -
0.419355 , 1.03226 , - , 0 , -
0.451613 , 1.03226 , - , 0 , -
0.483871 , 1.03226 , - , 0 , -
0.516129 , 1.03226 , - , 0 , -
0.548387 , 1.03226 , - , 0 , -
0.580645 , 1.03226 , - , 0 , -
0.612903 , 1.03226 , - , 0 , -
0.645161 , 1.03226 , - , 0 , -
0.677419 , 1.03226 , - , 0 , -
0.709677 , 1.03226 , - , 0 , -
0.741935 , 1.03226 , - , 0 , -
0.774194 , 1.03226 , - , 0 , -
0.806452 , 1.03226 , - , 0 , -
0.83871 , 1.03226 , - , 0 , -
0.870968 , 1.03226 , - , 0 , -
0.903226 , 1.03226 , - , 0 , -
0.935484 , 1.03226 , - , 0 , -
0.967742 , 1.03226 , - , 0 , -
1 , 1.03226 , - , 0 , -
1.03226 , 1.03226 , - , - , -
